date,day_of_week,month,year,quarter,revenue,sales,expenditure,profit,profit_margin,cumulative_revenue,cumulative_profit
2021-01-01,Friday,January,2021,Q1,42230,33436,29756,12474,29.54,42230,12474
2021-01-02,Saturday,January,2021,Q1,27764,22995,28537,-773,-2.78,69994,11701
2021-01-03,Sunday,January,2021,Q1,19454,17366,31783,-12329,-63.38,89448,-628
2021-01-04,Monday,January,2021,Q1,44950,37180,32748,12202,27.15,134398,11574
2021-01-05,Tuesday,January,2021,Q1,47315,42421,28959,18356,38.8,181713,29930
2021-01-06,Wednesday,January,2021,Q1,44914,49218,34480,10434,23.23,226627,40364
2021-01-07,Thursday,January,2021,Q1,45270,49131,31987,13283,29.34,271897,53647
2021-01-08,Friday,January,2021,Q1,35646,31271,29816,5830,16.36,307543,59477
2021-01-09,Saturday,January,2021,Q1,25302,23623,29669,-4367,-17.26,332845,55110
2021-01-10,Sunday,January,2021,Q1,25421,25658,32943,-7522,-29.59,358266,47588
2021-01-11,Monday,January,2021,Q1,47832,50798,32663,15169,31.71,406098,62757
2021-01-12,Tuesday,January,2021,Q1,35664,28454,30036,5628,15.78,441762,68385
2021-01-13,Wednesday,January,2021,Q1,46021,43271,30842,15179,32.98,487783,83564
2021-01-14,Thursday,January,2021,Q1,36238,32765,30005,6233,17.2,524021,89797
2021-01-15,Friday,January,2021,Q1,38390,35775,31560,6830,17.79,562411,96627
2021-01-16,Saturday,January,2021,Q1,20252,21906,31009,-10757,-53.12,582663,85870
2021-01-17,Sunday,January,2021,Q1,28762,30467,51279,-22517,-78.29,611425,63353
2021-01-18,Monday,January,2021,Q1,40591,37323,29052,11539,28.43,652016,74892
2021-01-19,Tuesday,January,2021,Q1,47261,53079,31503,15758,33.34,699277,90650
2021-01-20,Wednesday,January,2021,Q1,45928,42811,32186,13742,29.92,745205,104392
2021-01-21,Thursday,January,2021,Q1,40630,45295,28353,12277,30.22,785835,116669
2021-01-22,Friday,January,2021,Q1,46865,55754,30287,16578,35.37,832700,133247
2021-01-23,Saturday,January,2021,Q1,28290,23568,28786,-496,-1.75,860990,132751
2021-01-24,Sunday,January,2021,Q1,20432,20330,30019,-9587,-46.92,881422,123164
2021-01-25,Monday,January,2021,Q1,35388,36770,29617,5771,16.31,916810,128935
2021-01-26,Tuesday,January,2021,Q1,42398,41420,29112,13286,31.34,959208,142221
2021-01-27,Wednesday,January,2021,Q1,41412,35907,28797,12615,30.46,1000620,154836
2021-01-28,Thursday,January,2021,Q1,46486,50891,29849,16637,35.79,1047106,171473
2021-01-29,Friday,January,2021,Q1,34116,40343,31327,2789,8.18,1081222,174262
2021-01-30,Saturday,January,2021,Q1,21027,17515,31018,-9991,-47.52,1102249,164271
2021-01-31,Sunday,January,2021,Q1,25664,29404,30886,-5222,-20.35,1127913,159049
2021-02-01,Monday,February,2021,Q1,35978,31357,31007,4971,13.82,1163891,164020
2021-02-02,Tuesday,February,2021,Q1,46772,47359,31817,14955,31.97,1210663,178975
2021-02-03,Wednesday,February,2021,Q1,45376,56186,33696,11680,25.74,1256039,190655
2021-02-04,Thursday,February,2021,Q1,35419,32515,30737,4682,13.22,1291458,195337
2021-02-05,Friday,February,2021,Q1,44545,43406,34381,10164,22.82,1336003,205501
2021-02-06,Saturday,February,2021,Q1,26096,22035,34452,-8356,-32.02,1362099,197145
2021-02-07,Sunday,February,2021,Q1,26380,21889,31517,-5137,-19.47,1388479,192008
2021-02-08,Monday,February,2021,Q1,47372,38177,32098,15274,32.24,1435851,207282
2021-02-09,Tuesday,February,2021,Q1,33918,38217,32095,1823,5.37,1469769,209105
2021-02-10,Wednesday,February,2021,Q1,41338,43528,29636,11702,28.31,1511107,220807
2021-02-11,Thursday,February,2021,Q1,38332,40145,30341,7991,20.85,1549439,228798
2021-02-12,Friday,February,2021,Q1,39332,49514,28811,10521,26.75,1588771,239319
2021-02-13,Saturday,February,2021,Q1,28159,33679,30678,-2519,-8.95,1616930,236800
2021-02-14,Sunday,February,2021,Q1,25953,28433,78816,-52863,-203.69,1642883,183937
2021-02-15,Monday,February,2021,Q1,42614,48263,29077,13537,31.77,1685497,197474
2021-02-16,Tuesday,February,2021,Q1,36357,38705,29632,6725,18.5,1721854,204199
2021-02-17,Wednesday,February,2021,Q1,39816,47873,28931,10885,27.34,1761670,215084
2021-02-18,Thursday,February,2021,Q1,32056,36019,30000,2056,6.41,1793726,217140
2021-02-19,Friday,February,2021,Q1,38842,29897,33913,4929,12.69,1832568,222069
2021-02-20,Saturday,February,2021,Q1,27212,27120,29152,-1940,-7.13,1859780,220129
2021-02-21,Sunday,February,2021,Q1,26842,31940,29673,-2831,-10.55,1886622,217298
2021-02-22,Monday,February,2021,Q1,44481,50835,32260,12221,27.47,1931103,229519
2021-02-23,Tuesday,February,2021,Q1,45833,56259,33902,11931,26.03,1976936,241450
2021-02-24,Wednesday,February,2021,Q1,37314,45066,33793,3521,9.44,2014250,244971
2021-02-25,Thursday,February,2021,Q1,44597,39005,33759,10838,24.3,2058847,255809
2021-02-26,Friday,February,2021,Q1,39364,37368,29783,9581,24.34,2098211,265390
2021-02-27,Saturday,February,2021,Q1,22351,26804,30108,-7757,-34.71,2120562,257633
2021-02-28,Sunday,February,2021,Q1,28619,30308,29076,-457,-1.6,2149181,257176
2021-03-01,Monday,March,2021,Q1,59250,51589,31087,28163,47.53,2208431,285339
2021-03-02,Tuesday,March,2021,Q1,52124,51761,31982,20142,38.64,2260555,305481
2021-03-03,Wednesday,March,2021,Q1,40033,47027,32882,7151,17.86,2300588,312632
2021-03-04,Thursday,March,2021,Q1,47284,39793,30430,16854,35.64,2347872,329486
2021-03-05,Friday,March,2021,Q1,54395,49095,30922,23473,43.15,2402267,352959
2021-03-06,Saturday,March,2021,Q1,25527,25803,32617,-7090,-27.77,2427794,345869
2021-03-07,Sunday,March,2021,Q1,27611,26734,30157,-2546,-9.22,2455405,343323
2021-03-08,Monday,March,2021,Q1,53094,52047,29696,23398,44.07,2508499,366721
2021-03-09,Tuesday,March,2021,Q1,55920,46516,31597,24323,43.5,2564419,391044
2021-03-10,Wednesday,March,2021,Q1,56368,63102,29765,26603,47.2,2620787,417647
2021-03-11,Thursday,March,2021,Q1,44896,46004,28808,16088,35.83,2665683,433735
2021-03-12,Friday,March,2021,Q1,79032,85190,29887,49145,62.18,2744715,482880
2021-03-13,Saturday,March,2021,Q1,33240,27799,29458,3782,11.38,2777955,486662
2021-03-14,Sunday,March,2021,Q1,24602,22904,31225,-6623,-26.92,2802557,480039
2021-03-15,Monday,March,2021,Q1,59757,64830,33965,25792,43.16,2862314,505831
2021-03-16,Tuesday,March,2021,Q1,50095,56990,34002,16093,32.12,2912409,521924
2021-03-17,Wednesday,March,2021,Q1,45183,41173,33174,12009,26.58,2957592,533933
2021-03-18,Thursday,March,2021,Q1,45491,36992,30061,15430,33.92,3003083,549363
2021-03-19,Friday,March,2021,Q1,42767,38910,32800,9967,23.31,3045850,559330
2021-03-20,Saturday,March,2021,Q1,30511,28618,30996,-485,-1.59,3076361,558845
2021-03-21,Sunday,March,2021,Q1,32346,37943,63798,-31452,-97.24,3108707,527393
2021-03-22,Monday,March,2021,Q1,47799,57143,31740,16059,33.6,3156506,543452
2021-03-23,Tuesday,March,2021,Q1,57956,56373,31409,26547,45.81,3214462,569999
2021-03-24,Wednesday,March,2021,Q1,55962,63056,34143,21819,38.99,3270424,591818
2021-03-25,Thursday,March,2021,Q1,58138,61257,28878,29260,50.33,3328562,621078
2021-03-26,Friday,March,2021,Q1,43634,38766,31214,12420,28.46,3372196,633498
2021-03-27,Saturday,March,2021,Q1,27339,32020,33609,-6270,-22.93,3399535,627228
2021-03-28,Sunday,March,2021,Q1,24625,28274,28782,-4157,-16.88,3424160,623071
2021-03-29,Monday,March,2021,Q1,40620,37752,32264,8356,20.57,3464780,631427
2021-03-30,Tuesday,March,2021,Q1,42287,49686,29964,12323,29.14,3507067,643750
2021-03-31,Wednesday,March,2021,Q1,59274,66241,29381,29893,50.43,3566341,673643
2021-04-01,Thursday,April,2021,Q2,58577,62815,30714,27863,47.57,3624918,701506
2021-04-02,Friday,April,2021,Q2,51841,57186,32742,19099,36.84,3676759,720605
2021-04-03,Saturday,April,2021,Q2,33666,37903,28608,5058,15.02,3710425,725663
2021-04-04,Sunday,April,2021,Q2,24827,25010,30996,-6169,-24.85,3735252,719494
2021-04-05,Monday,April,2021,Q2,47243,54422,29313,17930,37.95,3782495,737424
2021-04-06,Tuesday,April,2021,Q2,53009,57794,33230,19779,37.31,3835504,757203
2021-04-07,Wednesday,April,2021,Q2,51849,46937,34238,17611,33.97,3887353,774814
2021-04-08,Thursday,April,2021,Q2,55009,57496,30469,24540,44.61,3942362,799354
2021-04-09,Friday,April,2021,Q2,49750,45728,30111,19639,39.48,3992112,818993
2021-04-10,Saturday,April,2021,Q2,30669,29919,29870,799,2.61,4022781,819792
2021-04-11,Sunday,April,2021,Q2,26883,27189,60456,-33573,-124.89,4049664,786219
2021-04-12,Monday,April,2021,Q2,53835,50066,31331,22504,41.8,4103499,808723
2021-04-13,Tuesday,April,2021,Q2,54918,52239,30056,24862,45.27,4158417,833585
2021-04-14,Wednesday,April,2021,Q2,43851,37311,33151,10700,24.4,4202268,844285
2021-04-15,Thursday,April,2021,Q2,49683,56726,31655,18028,36.29,4251951,862313
2021-04-16,Friday,April,2021,Q2,43882,37845,28439,15443,35.19,4295833,877756
2021-04-17,Saturday,April,2021,Q2,35691,37172,29145,6546,18.34,4331524,884302
2021-04-18,Sunday,April,2021,Q2,34472,35384,31124,3348,9.71,4365996,887650
2021-04-19,Monday,April,2021,Q2,58821,60174,30874,27947,47.51,4424817,915597
2021-04-20,Tuesday,April,2021,Q2,41072,35530,30264,10808,26.31,4465889,926405
2021-04-21,Wednesday,April,2021,Q2,55288,59315,29771,25517,46.15,4521177,951922
2021-04-22,Thursday,April,2021,Q2,48854,58631,30273,18581,38.03,4570031,970503
2021-04-23,Friday,April,2021,Q2,54801,62724,29679,25122,45.84,4624832,995625
2021-04-24,Saturday,April,2021,Q2,26085,20574,31188,-5103,-19.56,4650917,990522
2021-04-25,Sunday,April,2021,Q2,26777,29582,31210,-4433,-16.56,4677694,986089
2021-04-26,Monday,April,2021,Q2,55756,59488,34232,21524,38.6,4733450,1007613
2021-04-27,Tuesday,April,2021,Q2,52952,63614,28799,24153,45.61,4786402,1031766
2021-04-28,Wednesday,April,2021,Q2,54979,55306,29133,25846,47.01,4841381,1057612
2021-04-29,Thursday,April,2021,Q2,58853,58827,28856,29997,50.97,4900234,1087609
2021-04-30,Friday,April,2021,Q2,46446,40099,34410,12036,25.91,4946680,1099645
2021-05-01,Saturday,May,2021,Q2,35409,43216,30047,5362,15.14,4982089,1105007
2021-05-02,Sunday,May,2021,Q2,29646,32750,29493,153,0.52,5011735,1105160
2021-05-03,Monday,May,2021,Q2,49834,41052,30449,19385,38.9,5061569,1124545
2021-05-04,Tuesday,May,2021,Q2,46596,49142,34304,12292,26.38,5108165,1136837
2021-05-05,Wednesday,May,2021,Q2,49096,44650,34462,14634,29.81,5157261,1151471
2021-05-06,Thursday,May,2021,Q2,59762,63801,30953,28809,48.21,5217023,1180280
2021-05-07,Friday,May,2021,Q2,55128,59398,29632,25496,46.25,5272151,1205776
2021-05-08,Saturday,May,2021,Q2,29257,30381,34480,-5223,-17.85,5301408,1200553
2021-05-09,Sunday,May,2021,Q2,25900,26564,28937,-3037,-11.73,5327308,1197516
2021-05-10,Monday,May,2021,Q2,49228,43080,31489,17739,36.03,5376536,1215255
2021-05-11,Tuesday,May,2021,Q2,45468,54031,29885,15583,34.27,5422004,1230838
2021-05-12,Wednesday,May,2021,Q2,58437,60853,33793,24644,42.17,5480441,1255482
2021-05-13,Thursday,May,2021,Q2,48298,56731,33519,14779,30.6,5528739,1270261
2021-05-14,Friday,May,2021,Q2,51738,61998,29286,22452,43.4,5580477,1292713
2021-05-15,Saturday,May,2021,Q2,30623,31015,30377,246,0.8,5611100,1292959
2021-05-16,Sunday,May,2021,Q2,30861,28331,28624,2237,7.25,5641961,1295196
2021-05-17,Monday,May,2021,Q2,56228,54544,33520,22708,40.39,5698189,1317904
2021-05-18,Tuesday,May,2021,Q2,40740,41145,33829,6911,16.96,5738929,1324815
2021-05-19,Wednesday,May,2021,Q2,50519,50753,30932,19587,38.77,5789448,1344402
2021-05-20,Thursday,May,2021,Q2,49389,57711,32714,16675,33.76,5838837,1361077
2021-05-21,Friday,May,2021,Q2,57046,64462,30344,26702,46.81,5895883,1387779
2021-05-22,Saturday,May,2021,Q2,34468,26857,32326,2142,6.21,5930351,1389921
2021-05-23,Sunday,May,2021,Q2,32961,30801,32342,619,1.88,5963312,1390540
2021-05-24,Monday,May,2021,Q2,53880,59733,33365,20515,38.08,6017192,1411055
2021-05-25,Tuesday,May,2021,Q2,42911,43732,33342,9569,22.3,6060103,1420624
2021-05-26,Wednesday,May,2021,Q2,57416,58606,34100,23316,40.61,6117519,1443940
2021-05-27,Thursday,May,2021,Q2,45079,38672,33419,11660,25.87,6162598,1455600
2021-05-28,Friday,May,2021,Q2,43159,41502,32051,11108,25.74,6205757,1466708
2021-05-29,Saturday,May,2021,Q2,27001,29806,30773,-3772,-13.97,6232758,1462936
2021-05-30,Sunday,May,2021,Q2,30863,33352,30209,654,2.12,6263621,1463590
2021-05-31,Monday,May,2021,Q2,45489,47556,33041,12448,27.36,6309110,1476038
2021-06-01,Tuesday,June,2021,Q2,54928,62443,33382,21546,39.23,6364038,1497584
2021-06-02,Wednesday,June,2021,Q2,58005,61890,32891,25114,43.3,6422043,1522698
2021-06-03,Thursday,June,2021,Q2,57821,68133,30296,27525,47.6,6479864,1550223
2021-06-04,Friday,June,2021,Q2,60111,49226,33059,27052,45.0,6539975,1577275
2021-06-05,Saturday,June,2021,Q2,33520,39964,34104,-584,-1.74,6573495,1576691
2021-06-06,Sunday,June,2021,Q2,37285,38148,33053,4232,11.35,6610780,1580923
2021-06-07,Monday,June,2021,Q2,65183,58420,33768,31415,48.2,6675963,1612338
2021-06-08,Tuesday,June,2021,Q2,65279,72249,78495,-13216,-20.25,6741242,1599122
2021-06-09,Wednesday,June,2021,Q2,52108,55935,30750,21358,40.99,6793350,1620480
2021-06-10,Thursday,June,2021,Q2,58846,58870,34291,24555,41.73,6852196,1645035
2021-06-11,Friday,June,2021,Q2,58248,61183,32766,25482,43.75,6910444,1670517
2021-06-12,Saturday,June,2021,Q2,26998,23091,29081,-2083,-7.72,6937442,1668434
2021-06-13,Sunday,June,2021,Q2,31530,31246,32737,-1207,-3.83,6968972,1667227
2021-06-14,Monday,June,2021,Q2,59985,70305,33602,26383,43.98,7028957,1693610
2021-06-15,Tuesday,June,2021,Q2,50154,52445,31151,19003,37.89,7079111,1712613
2021-06-16,Wednesday,June,2021,Q2,65580,64594,32412,33168,50.58,7144691,1745781
2021-06-17,Thursday,June,2021,Q2,65300,79525,28927,36373,55.7,7209991,1782154
2021-06-18,Friday,June,2021,Q2,65364,52720,34579,30785,47.1,7275355,1812939
2021-06-19,Saturday,June,2021,Q2,37353,38492,33472,3881,10.39,7312708,1816820
2021-06-20,Sunday,June,2021,Q2,36810,37371,34549,2261,6.14,7349518,1819081
2021-06-21,Monday,June,2021,Q2,61567,53864,29180,32387,52.6,7411085,1851468
2021-06-22,Tuesday,June,2021,Q2,56954,44845,29148,27806,48.82,7468039,1879274
2021-06-23,Wednesday,June,2021,Q2,45398,43845,32090,13308,29.31,7513437,1892582
2021-06-24,Thursday,June,2021,Q2,57532,65326,32501,25031,43.51,7570969,1917613
2021-06-25,Friday,June,2021,Q2,44685,55458,31035,13650,30.55,7615654,1931263
2021-06-26,Saturday,June,2021,Q2,32255,36740,29284,2971,9.21,7647909,1934234
2021-06-27,Sunday,June,2021,Q2,34126,36581,32113,2013,5.9,7682035,1936247
2021-06-28,Monday,June,2021,Q2,53464,57428,32474,20990,39.26,7735499,1957237
2021-06-29,Tuesday,June,2021,Q2,63040,63654,30957,32083,50.89,7798539,1989320
2021-06-30,Wednesday,June,2021,Q2,60051,54506,29955,30096,50.12,7858590,2019416
2021-07-01,Thursday,July,2021,Q3,54433,43644,31070,23363,42.92,7913023,2042779
2021-07-02,Friday,July,2021,Q3,46862,40377,31888,14974,31.95,7959885,2057753
2021-07-03,Saturday,July,2021,Q3,37931,44280,34119,3812,10.05,7997816,2061565
2021-07-04,Sunday,July,2021,Q3,30524,25703,29324,1200,3.93,8028340,2062765
2021-07-05,Monday,July,2021,Q3,51702,50829,30104,21598,41.77,8080042,2084363
2021-07-06,Tuesday,July,2021,Q3,56341,63127,32602,23739,42.13,8136383,2108102
2021-07-07,Wednesday,July,2021,Q3,58472,60029,30071,28401,48.57,8194855,2136503
2021-07-08,Thursday,July,2021,Q3,51722,43520,32491,19231,37.18,8246577,2155734
2021-07-09,Friday,July,2021,Q3,65379,54869,30720,34659,53.01,8311956,2190393
2021-07-10,Saturday,July,2021,Q3,30513,29621,32106,-1593,-5.22,8342469,2188800
2021-07-11,Sunday,July,2021,Q3,36358,28562,31141,5217,14.35,8378827,2194017
2021-07-12,Monday,July,2021,Q3,53112,47127,30524,22588,42.53,8431939,2216605
2021-07-13,Tuesday,July,2021,Q3,57048,56557,29739,27309,47.87,8488987,2243914
2021-07-14,Wednesday,July,2021,Q3,48497,58663,33164,15333,31.62,8537484,2259247
2021-07-15,Thursday,July,2021,Q3,54942,51437,31705,23237,42.29,8592426,2282484
2021-07-16,Friday,July,2021,Q3,58697,54704,33024,25673,43.74,8651123,2308157
2021-07-17,Saturday,July,2021,Q3,27427,25196,30897,-3470,-12.65,8678550,2304687
2021-07-18,Sunday,July,2021,Q3,31746,36430,34319,-2573,-8.1,8710296,2302114
2021-07-19,Monday,July,2021,Q3,51960,48648,31094,20866,40.16,8762256,2322980
2021-07-20,Tuesday,July,2021,Q3,63151,67428,33258,29893,47.34,8825407,2352873
2021-07-21,Wednesday,July,2021,Q3,55673,50206,30561,25112,45.11,8881080,2377985
2021-07-22,Thursday,July,2021,Q3,47249,38772,29443,17806,37.69,8928329,2395791
2021-07-23,Friday,July,2021,Q3,45657,54588,31272,14385,31.51,8973986,2410176
2021-07-24,Saturday,July,2021,Q3,35390,41381,34565,825,2.33,9009376,2411001
2021-07-25,Sunday,July,2021,Q3,30573,29743,32327,-1754,-5.74,9039949,2409247
2021-07-26,Monday,July,2021,Q3,51742,42764,28586,23156,44.75,9091691,2432403
2021-07-27,Tuesday,July,2021,Q3,58182,66452,32092,26090,44.84,9149873,2458493
2021-07-28,Wednesday,July,2021,Q3,64993,67936,34077,30916,47.57,9214866,2489409
2021-07-29,Thursday,July,2021,Q3,57310,59965,31188,26122,45.58,9272176,2515531
2021-07-30,Friday,July,2021,Q3,65612,55502,28596,37016,56.42,9337788,2552547
2021-07-31,Saturday,July,2021,Q3,33317,34306,34133,-816,-2.45,9371105,2551731
2021-08-01,Sunday,August,2021,Q3,35361,29409,30458,4903,13.87,9406466,2556634
2021-08-02,Monday,August,2021,Q3,52504,48958,34425,18079,34.43,9458970,2574713
2021-08-03,Tuesday,August,2021,Q3,45793,50823,30304,15489,33.82,9504763,2590202
2021-08-04,Wednesday,August,2021,Q3,46836,48640,31871,14965,31.95,9551599,2605167
2021-08-05,Thursday,August,2021,Q3,46811,52871,34632,12179,26.02,9598410,2617346
2021-08-06,Friday,August,2021,Q3,58750,56109,30295,28455,48.43,9657160,2645801
2021-08-07,Saturday,August,2021,Q3,36513,33615,29326,7187,19.68,9693673,2652988
2021-08-08,Sunday,August,2021,Q3,33101,34430,31667,1434,4.33,9726774,2654422
2021-08-09,Monday,August,2021,Q3,57596,57767,29489,28107,48.8,9784370,2682529
2021-08-10,Tuesday,August,2021,Q3,63858,66336,30645,33213,52.01,9848228,2715742
2021-08-11,Wednesday,August,2021,Q3,57433,65025,29824,27609,48.07,9905661,2743351
2021-08-12,Thursday,August,2021,Q3,61256,68977,32623,28633,46.74,9966917,2771984
2021-08-13,Friday,August,2021,Q3,60927,67724,30987,29940,49.14,10027844,2801924
2021-08-14,Saturday,August,2021,Q3,34381,37741,31377,3004,8.74,10062225,2804928
2021-08-15,Sunday,August,2021,Q3,35790,34665,28878,6912,19.31,10098015,2811840
2021-08-16,Monday,August,2021,Q3,55293,60058,34086,21207,38.35,10153308,2833047
2021-08-17,Tuesday,August,2021,Q3,64470,61630,30705,33765,52.37,10217778,2866812
2021-08-18,Wednesday,August,2021,Q3,48939,43569,32852,16087,32.87,10266717,2882899
2021-08-19,Thursday,August,2021,Q3,44842,52184,33585,11257,25.1,10311559,2894156
2021-08-20,Friday,August,2021,Q3,57537,63660,29708,27829,48.37,10369096,2921985
2021-08-21,Saturday,August,2021,Q3,34437,34301,29847,4590,13.33,10403533,2926575
2021-08-22,Sunday,August,2021,Q3,34834,34947,33621,1213,3.48,10438367,2927788
2021-08-23,Monday,August,2021,Q3,57903,60944,63307,-5404,-9.33,10496270,2922384
2021-08-24,Tuesday,August,2021,Q3,53164,54311,34490,18674,35.13,10549434,2941058
2021-08-25,Wednesday,August,2021,Q3,55161,66292,30809,24352,44.15,10604595,2965410
2021-08-26,Thursday,August,2021,Q3,65582,56259,33317,32265,49.2,10670177,2997675
2021-08-27,Friday,August,2021,Q3,57821,65607,30444,27377,47.35,10727998,3025052
2021-08-28,Saturday,August,2021,Q3,37138,33213,31277,5861,15.78,10765136,3030913
2021-08-29,Sunday,August,2021,Q3,37111,31471,31233,5878,15.84,10802247,3036791
2021-08-30,Monday,August,2021,Q3,48388,41234,31596,16792,34.7,10850635,3053583
2021-08-31,Tuesday,August,2021,Q3,49572,52908,30598,18974,38.28,10900207,3072557
2021-09-01,Wednesday,September,2021,Q3,46638,39109,33953,12685,27.2,10946845,3085242
2021-09-02,Thursday,September,2021,Q3,47732,56755,31484,16248,34.04,10994577,3101490
2021-09-03,Friday,September,2021,Q3,56022,58537,32145,23877,42.62,11050599,3125367
2021-09-04,Saturday,September,2021,Q3,27854,23548,30280,-2426,-8.71,11078453,3122941
2021-09-05,Sunday,September,2021,Q3,32277,28970,33831,-1554,-4.81,11110730,3121387
2021-09-06,Monday,September,2021,Q3,45491,56654,28822,16669,36.64,11156221,3138056
2021-09-07,Tuesday,September,2021,Q3,56021,62759,29249,26772,47.79,11212242,3164828
2021-09-08,Wednesday,September,2021,Q3,40695,34587,30657,10038,24.67,11252937,3174866
2021-09-09,Thursday,September,2021,Q3,52101,58338,30693,21408,41.09,11305038,3196274
2021-09-10,Friday,September,2021,Q3,50589,49251,29922,20667,40.85,11355627,3216941
2021-09-11,Saturday,September,2021,Q3,29988,28808,29999,-11,-0.04,11385615,3216930
2021-09-12,Sunday,September,2021,Q3,35956,34241,31444,4512,12.55,11421571,3221442
2021-09-13,Monday,September,2021,Q3,49040,56548,28903,20137,41.06,11470611,3241579
2021-09-14,Tuesday,September,2021,Q3,46391,41664,31765,14626,31.53,11517002,3256205
2021-09-15,Wednesday,September,2021,Q3,54236,64381,33350,20886,38.51,11571238,3277091
2021-09-16,Thursday,September,2021,Q3,44019,38754,28515,15504,35.22,11615257,3292595
2021-09-17,Friday,September,2021,Q3,56073,57872,28893,27180,48.47,11671330,3319775
2021-09-18,Saturday,September,2021,Q3,32626,33848,33537,-911,-2.79,11703956,3318864
2021-09-19,Sunday,September,2021,Q3,31708,31633,30520,1188,3.75,11735664,3320052
2021-09-20,Monday,September,2021,Q3,52795,48227,31075,21720,41.14,11788459,3341772
2021-09-21,Tuesday,September,2021,Q3,42483,35359,30382,12101,28.48,11830942,3353873
2021-09-22,Wednesday,September,2021,Q3,58818,70465,29928,28890,49.12,11889760,3382763
2021-09-23,Thursday,September,2021,Q3,42503,39281,31516,10987,25.85,11932263,3393750
2021-09-24,Friday,September,2021,Q3,43083,46829,32162,10921,25.35,11975346,3404671
2021-09-25,Saturday,September,2021,Q3,33902,26256,32391,1511,4.46,12009248,3406182
2021-09-26,Sunday,September,2021,Q3,33203,32541,31487,1716,5.17,12042451,3407898
2021-09-27,Monday,September,2021,Q3,59133,60519,32665,26468,44.76,12101584,3434366
2021-09-28,Tuesday,September,2021,Q3,41198,40139,29635,11563,28.07,12142782,3445929
2021-09-29,Wednesday,September,2021,Q3,54367,61605,34494,19873,36.55,12197149,3465802
2021-09-30,Thursday,September,2021,Q3,51233,47366,30035,21198,41.38,12248382,3487000
2021-10-01,Friday,October,2021,Q4,45804,44185,29914,15890,34.69,12294186,3502890
2021-10-02,Saturday,October,2021,Q4,27929,28257,33157,-5228,-18.72,12322115,3497662
2021-10-03,Sunday,October,2021,Q4,29985,26368,34304,-4319,-14.4,12352100,3493343
2021-10-04,Monday,October,2021,Q4,44302,39821,31467,12835,28.97,12396402,3506178
2021-10-05,Tuesday,October,2021,Q4,49411,51876,31064,18347,37.13,12445813,3524525
2021-10-06,Wednesday,October,2021,Q4,55277,51792,31942,23335,42.21,12501090,3547860
2021-10-07,Thursday,October,2021,Q4,41470,42638,30112,11358,27.39,12542560,3559218
2021-10-08,Friday,October,2021,Q4,42376,49893,33357,9019,21.28,12584936,3568237
2021-10-09,Saturday,October,2021,Q4,33059,29105,31500,1559,4.72,12617995,3569796
2021-10-10,Sunday,October,2021,Q4,27996,27582,32169,-4173,-14.91,12645991,3565623
2021-10-11,Monday,October,2021,Q4,52261,47423,33007,19254,36.84,12698252,3584877
2021-10-12,Tuesday,October,2021,Q4,56565,58492,30238,26327,46.54,12754817,3611204
2021-10-13,Wednesday,October,2021,Q4,53476,64274,33369,20107,37.6,12808293,3631311
2021-10-14,Thursday,October,2021,Q4,40532,41993,33282,7250,17.89,12848825,3638561
2021-10-15,Friday,October,2021,Q4,54428,54393,32312,22116,40.63,12903253,3660677
2021-10-16,Saturday,October,2021,Q4,25773,26341,34323,-8550,-33.17,12929026,3652127
2021-10-17,Sunday,October,2021,Q4,27764,24348,30935,-3171,-11.42,12956790,3648956
2021-10-18,Monday,October,2021,Q4,57456,60123,29219,28237,49.15,13014246,3677193
2021-10-19,Tuesday,October,2021,Q4,53244,52784,29441,23803,44.71,13067490,3700996
2021-10-20,Wednesday,October,2021,Q4,47085,53361,32402,14683,31.18,13114575,3715679
2021-10-21,Thursday,October,2021,Q4,43845,39628,29766,14079,32.11,13158420,3729758
2021-10-22,Friday,October,2021,Q4,45780,41248,30347,15433,33.71,13204200,3745191
2021-10-23,Saturday,October,2021,Q4,33544,29350,32612,932,2.78,13237744,3746123
2021-10-24,Sunday,October,2021,Q4,33820,41187,30179,3641,10.77,13271564,3749764
2021-10-25,Monday,October,2021,Q4,46927,44728,31368,15559,33.16,13318491,3765323
2021-10-26,Tuesday,October,2021,Q4,58660,60968,32228,26432,45.06,13377151,3791755
2021-10-27,Wednesday,October,2021,Q4,53396,54804,28680,24716,46.29,13430547,3816471
2021-10-28,Thursday,October,2021,Q4,42010,44256,31817,10193,24.26,13472557,3826664
2021-10-29,Friday,October,2021,Q4,58700,67432,29606,29094,49.56,13531257,3855758
2021-10-30,Saturday,October,2021,Q4,31750,35414,31967,-217,-0.68,13563007,3855541
2021-10-31,Sunday,October,2021,Q4,35240,39730,33908,1332,3.78,13598247,3856873
2021-11-01,Monday,November,2021,Q4,77926,74680,34250,43676,56.05,13676173,3900549
2021-11-02,Tuesday,November,2021,Q4,74795,60521,29025,45770,61.19,13750968,3946319
2021-11-03,Wednesday,November,2021,Q4,77716,79013,34262,43454,55.91,13828684,3989773
2021-11-04,Thursday,November,2021,Q4,57013,46553,31241,25772,45.2,13885697,4015545
2021-11-05,Friday,November,2021,Q4,71152,79965,33120,38032,53.45,13956849,4053577
2021-11-06,Saturday,November,2021,Q4,45193,51182,28896,16297,36.06,14002042,4069874
2021-11-07,Sunday,November,2021,Q4,33393,30254,29992,3401,10.18,14035435,4073275
2021-11-08,Monday,November,2021,Q4,76804,72295,28422,48382,62.99,14112239,4121657
2021-11-09,Tuesday,November,2021,Q4,53615,44549,30904,22711,42.36,14165854,4144368
2021-11-10,Wednesday,November,2021,Q4,70292,62491,34121,36171,51.46,14236146,4180539
2021-11-11,Thursday,November,2021,Q4,57697,47532,33060,24637,42.7,14293843,4205176
2021-11-12,Friday,November,2021,Q4,66280,65752,32533,33747,50.92,14360123,4238923
2021-11-13,Saturday,November,2021,Q4,42973,47321,31164,11809,27.48,14403096,4250732
2021-11-14,Sunday,November,2021,Q4,40001,33146,31534,8467,21.17,14443097,4259199
2021-11-15,Monday,November,2021,Q4,60531,58681,29644,30887,51.03,14503628,4290086
2021-11-16,Tuesday,November,2021,Q4,65269,72986,31583,33686,51.61,14568897,4323772
2021-11-17,Wednesday,November,2021,Q4,64021,73485,30844,33177,51.82,14632918,4356949
2021-11-18,Thursday,November,2021,Q4,67036,53990,28751,38285,57.11,14699954,4395234
2021-11-19,Friday,November,2021,Q4,53794,60171,30925,22869,42.51,14753748,4418103
2021-11-20,Saturday,November,2021,Q4,46461,48780,34604,11857,25.52,14800209,4429960
2021-11-21,Sunday,November,2021,Q4,45345,43876,32519,12826,28.29,14845554,4442786
2021-11-22,Monday,November,2021,Q4,61042,53389,31681,29361,48.1,14906596,4472147
2021-11-23,Tuesday,November,2021,Q4,52090,41295,32593,19497,37.43,14958686,4491644
2021-11-24,Wednesday,November,2021,Q4,73407,64978,30086,43321,59.01,15032093,4534965
2021-11-25,Thursday,November,2021,Q4,54933,61234,33176,21757,39.61,15087026,4556722
2021-11-26,Friday,November,2021,Q4,57358,45953,32116,25242,44.01,15144384,4581964
2021-11-27,Saturday,November,2021,Q4,42752,39989,29718,13034,30.49,15187136,4594998
2021-11-28,Sunday,November,2021,Q4,39060,36896,32958,6102,15.62,15226196,4601100
2021-11-29,Monday,November,2021,Q4,69485,63221,29252,40233,57.9,15295681,4641333
2021-11-30,Tuesday,November,2021,Q4,59813,51520,33892,25921,43.34,15355494,4667254
2021-12-01,Wednesday,December,2021,Q4,63107,65971,34281,28826,45.68,15418601,4696080
2021-12-02,Thursday,December,2021,Q4,60287,56225,30721,29566,49.04,15478888,4725646
2021-12-03,Friday,December,2021,Q4,74082,69592,33426,40656,54.88,15552970,4766302
2021-12-04,Saturday,December,2021,Q4,46297,45625,29880,16417,35.46,15599267,4782719
2021-12-05,Sunday,December,2021,Q4,45586,49800,32914,12672,27.8,15644853,4795391
2021-12-06,Monday,December,2021,Q4,69515,75080,29535,39980,57.51,15714368,4835371
2021-12-07,Tuesday,December,2021,Q4,66530,68419,30447,36083,54.24,15780898,4871454
2021-12-08,Wednesday,December,2021,Q4,76366,87018,34647,41719,54.63,15857264,4913173
2021-12-09,Thursday,December,2021,Q4,67714,62189,31828,35886,53.0,15924978,4949059
2021-12-10,Friday,December,2021,Q4,65874,60683,31580,34294,52.06,15990852,4983353
2021-12-11,Saturday,December,2021,Q4,46508,47501,34110,12398,26.66,16037360,4995751
2021-12-12,Sunday,December,2021,Q4,39975,34260,29992,9983,24.97,16077335,5005734
2021-12-13,Monday,December,2021,Q4,62857,53196,30742,32115,51.09,16140192,5037849
2021-12-14,Tuesday,December,2021,Q4,69019,72323,33526,35493,51.42,16209211,5073342
2021-12-15,Wednesday,December,2021,Q4,64755,57818,29416,35339,54.57,16273966,5108681
2021-12-16,Thursday,December,2021,Q4,75839,78210,28720,47119,62.13,16349805,5155800
2021-12-17,Friday,December,2021,Q4,76574,83886,30948,45626,59.58,16426379,5201426
2021-12-18,Saturday,December,2021,Q4,42231,33958,30701,11530,27.3,16468610,5212956
2021-12-19,Sunday,December,2021,Q4,40817,40493,28391,12426,30.44,16509427,5225382
2021-12-20,Monday,December,2021,Q4,65764,62695,28457,37307,56.73,16575191,5262689
2021-12-21,Tuesday,December,2021,Q4,72960,81581,28956,44004,60.31,16648151,5306693
2021-12-22,Wednesday,December,2021,Q4,65687,72248,30850,34837,53.03,16713838,5341530
2021-12-23,Thursday,December,2021,Q4,66690,77580,32659,34031,51.03,16780528,5375561
2021-12-24,Friday,December,2021,Q4,74313,78694,30739,43574,58.64,16854841,5419135
2021-12-25,Saturday,December,2021,Q4,31347,27226,31083,264,0.84,16886188,5419399
2021-12-26,Sunday,December,2021,Q4,44584,37473,28618,15966,35.81,16930772,5435365
2021-12-27,Monday,December,2021,Q4,75076,70969,28818,46258,61.61,17005848,5481623
2021-12-28,Tuesday,December,2021,Q4,66651,56521,30331,36320,54.49,17072499,5517943
2021-12-29,Wednesday,December,2021,Q4,71558,76856,28834,42724,59.71,17144057,5560667
2021-12-30,Thursday,December,2021,Q4,73700,73225,30439,43261,58.7,17217757,5603928
2021-12-31,Friday,December,2021,Q4,77700,84673,34488,43212,55.61,17295457,5647140
2022-01-01,Saturday,January,2022,Q1,31338,30129,39520,-8182,-26.11,17326795,5638958
2022-01-02,Sunday,January,2022,Q1,22407,21379,36156,-13749,-61.36,17349202,5625209
2022-01-03,Monday,January,2022,Q1,44746,48732,33223,11523,25.75,17393948,5636732
2022-01-04,Tuesday,January,2022,Q1,49921,40137,37758,12163,24.36,17443869,5648895
2022-01-05,Wednesday,January,2022,Q1,42626,34140,34835,7791,18.28,17486495,5656686
2022-01-06,Thursday,January,2022,Q1,39238,34155,36621,2617,6.67,17525733,5659303
2022-01-07,Friday,January,2022,Q1,43312,36617,34952,8360,19.3,17569045,5667663
2022-01-08,Saturday,January,2022,Q1,26361,22863,39160,-12799,-48.55,17595406,5654864
2022-01-09,Sunday,January,2022,Q1,23952,21985,34784,-10832,-45.22,17619358,5644032
2022-01-10,Monday,January,2022,Q1,44798,43315,33159,11639,25.98,17664156,5655671
2022-01-11,Tuesday,January,2022,Q1,48300,48586,33377,14923,30.9,17712456,5670594
2022-01-12,Wednesday,January,2022,Q1,42912,46342,34990,7922,18.46,17755368,5678516
2022-01-13,Thursday,January,2022,Q1,52614,60316,34925,17689,33.62,17807982,5696205
2022-01-14,Friday,January,2022,Q1,42580,52859,34714,7866,18.47,17850562,5704071
2022-01-15,Saturday,January,2022,Q1,28437,25190,38518,-10081,-35.45,17878999,5693990
2022-01-16,Sunday,January,2022,Q1,28304,29482,37541,-9237,-32.63,17907303,5684753
2022-01-17,Monday,January,2022,Q1,45293,48766,34713,10580,23.36,17952596,5695333
2022-01-18,Tuesday,January,2022,Q1,51440,49567,37191,14249,27.7,18004036,5709582
2022-01-19,Wednesday,January,2022,Q1,49960,53362,39780,10180,20.38,18053996,5719762
2022-01-20,Thursday,January,2022,Q1,46121,54909,36541,9580,20.77,18100117,5729342
2022-01-21,Friday,January,2022,Q1,53277,54810,33218,20059,37.65,18153394,5749401
2022-01-22,Saturday,January,2022,Q1,25999,26273,39728,-13729,-52.81,18179393,5735672
2022-01-23,Sunday,January,2022,Q1,30389,35799,32678,-2289,-7.53,18209782,5733383
2022-01-24,Monday,January,2022,Q1,46345,48197,35832,10513,22.68,18256127,5743896
2022-01-25,Tuesday,January,2022,Q1,47630,46900,32780,14850,31.18,18303757,5758746
2022-01-26,Wednesday,January,2022,Q1,54495,48158,33628,20867,38.29,18358252,5779613
2022-01-27,Thursday,January,2022,Q1,40606,40232,35777,4829,11.89,18398858,5784442
2022-01-28,Friday,January,2022,Q1,42324,45744,38754,3570,8.43,18441182,5788012
2022-01-29,Saturday,January,2022,Q1,23894,27788,33866,-9972,-41.73,18465076,5778040
2022-01-30,Sunday,January,2022,Q1,32661,28880,33938,-1277,-3.91,18497737,5776763
2022-01-31,Monday,January,2022,Q1,37337,37859,36893,444,1.19,18535074,5777207
2022-02-01,Tuesday,February,2022,Q1,40586,46061,33055,7531,18.56,18575660,5784738
2022-02-02,Wednesday,February,2022,Q1,40240,37280,34503,5737,14.26,18615900,5790475
2022-02-03,Thursday,February,2022,Q1,48559,51003,36855,11704,24.1,18664459,5802179
2022-02-04,Friday,February,2022,Q1,48159,55319,34757,13402,27.83,18712618,5815581
2022-02-05,Saturday,February,2022,Q1,23558,19568,33928,-10370,-44.02,18736176,5805211
2022-02-06,Sunday,February,2022,Q1,26697,22564,33948,-7251,-27.16,18762873,5797960
2022-02-07,Monday,February,2022,Q1,48672,58725,36149,12523,25.73,18811545,5810483
2022-02-08,Tuesday,February,2022,Q1,45098,36523,32671,12427,27.56,18856643,5822910
2022-02-09,Wednesday,February,2022,Q1,54534,54625,37563,16971,31.12,18911177,5839881
2022-02-10,Thursday,February,2022,Q1,45792,36358,38116,7676,16.76,18956969,5847557
2022-02-11,Friday,February,2022,Q1,46691,40321,37982,8709,18.65,19003660,5856266
2022-02-12,Saturday,February,2022,Q1,23329,20271,38567,-15238,-65.32,19026989,5841028
2022-02-13,Sunday,February,2022,Q1,22539,24626,39773,-17234,-76.46,19049528,5823794
2022-02-14,Monday,February,2022,Q1,50624,48850,35860,14764,29.16,19100152,5838558
2022-02-15,Tuesday,February,2022,Q1,44878,55226,34319,10559,23.53,19145030,5849117
2022-02-16,Wednesday,February,2022,Q1,43251,47519,33805,9446,21.84,19188281,5858563
2022-02-17,Thursday,February,2022,Q1,40607,32950,34638,5969,14.7,19228888,5864532
2022-02-18,Friday,February,2022,Q1,49754,44501,38818,10936,21.98,19278642,5875468
2022-02-19,Saturday,February,2022,Q1,23131,28195,39258,-16127,-69.72,19301773,5859341
2022-02-20,Sunday,February,2022,Q1,23480,26244,37756,-14276,-60.8,19325253,5845065
2022-02-21,Monday,February,2022,Q1,49242,49414,34549,14693,29.84,19374495,5859758
2022-02-22,Tuesday,February,2022,Q1,48458,53554,36338,12120,25.01,19422953,5871878
2022-02-23,Wednesday,February,2022,Q1,43590,50552,32620,10970,25.17,19466543,5882848
2022-02-24,Thursday,February,2022,Q1,50249,50224,35197,15052,29.95,19516792,5897900
2022-02-25,Friday,February,2022,Q1,40808,38516,34548,6260,15.34,19557600,5904160
2022-02-26,Saturday,February,2022,Q1,28460,29170,35092,-6632,-23.3,19586060,5897528
2022-02-27,Sunday,February,2022,Q1,23179,25706,33502,-10323,-44.54,19609239,5887205
2022-02-28,Monday,February,2022,Q1,36812,42259,37591,-779,-2.12,19646051,5886426
2022-03-01,Tuesday,March,2022,Q1,49656,56934,37344,12312,24.79,19695707,5898738
2022-03-02,Wednesday,March,2022,Q1,66787,57251,34815,31972,47.87,19762494,5930710
2022-03-03,Thursday,March,2022,Q1,61076,62756,36056,25020,40.97,19823570,5955730
2022-03-04,Friday,March,2022,Q1,61639,50509,38522,23117,37.5,19885209,5978847
2022-03-05,Saturday,March,2022,Q1,29424,24087,37896,-8472,-28.79,19914633,5970375
2022-03-06,Sunday,March,2022,Q1,39757,34915,38059,1698,4.27,19954390,5972073
2022-03-07,Monday,March,2022,Q1,49285,47434,37311,11974,24.3,20003675,5984047
2022-03-08,Tuesday,March,2022,Q1,60445,51556,37576,22869,37.83,20064120,6006916
2022-03-09,Wednesday,March,2022,Q1,48310,53664,35384,12926,26.76,20112430,6019842
2022-03-10,Thursday,March,2022,Q1,49216,42961,36611,12605,25.61,20161646,6032447
2022-03-11,Friday,March,2022,Q1,63916,71178,37372,26544,41.53,20225562,6058991
2022-03-12,Saturday,March,2022,Q1,34631,37285,32997,1634,4.72,20260193,6060625
2022-03-13,Sunday,March,2022,Q1,34429,29094,36905,-2476,-7.19,20294622,6058149
2022-03-14,Monday,March,2022,Q1,68698,77654,38839,29859,43.46,20363320,6088008
2022-03-15,Tuesday,March,2022,Q1,61707,71290,52608,9099,14.75,20425027,6097107
2022-03-16,Wednesday,March,2022,Q1,50962,62249,35485,15477,30.37,20475989,6112584
2022-03-17,Thursday,March,2022,Q1,63643,61094,37243,26400,41.48,20539632,6138984
2022-03-18,Friday,March,2022,Q1,47922,41529,39661,8261,17.24,20587554,6147245
2022-03-19,Saturday,March,2022,Q1,35692,40041,37262,-1570,-4.4,20623246,6145675
2022-03-20,Sunday,March,2022,Q1,40757,35563,39301,1456,3.57,20664003,6147131
2022-03-21,Monday,March,2022,Q1,47265,51201,52867,-5602,-11.85,20711268,6141529
2022-03-22,Tuesday,March,2022,Q1,49768,58921,38275,11493,23.09,20761036,6153022
2022-03-23,Wednesday,March,2022,Q1,48919,53161,39024,9895,20.23,20809955,6162917
2022-03-24,Thursday,March,2022,Q1,64563,56115,37763,26800,41.51,20874518,6189717
2022-03-25,Friday,March,2022,Q1,56469,53307,36709,19760,34.99,20930987,6209477
2022-03-26,Saturday,March,2022,Q1,29020,30543,34257,-5237,-18.05,20960007,6204240
2022-03-27,Sunday,March,2022,Q1,39508,35370,35377,4131,10.46,20999515,6208371
2022-03-28,Monday,March,2022,Q1,65722,69889,37968,27754,42.23,21065237,6236125
2022-03-29,Tuesday,March,2022,Q1,55573,59086,33166,22407,40.32,21120810,6258532
2022-03-30,Wednesday,March,2022,Q1,66744,59954,39712,27032,40.5,21187554,6285564
2022-03-31,Thursday,March,2022,Q1,77138,72848,34973,42165,54.66,21264692,6327729
2022-04-01,Friday,April,2022,Q2,58967,55008,35963,23004,39.01,21323659,6350733
2022-04-02,Saturday,April,2022,Q2,58465,53398,38112,20353,34.81,21382124,6371086
2022-04-03,Sunday,April,2022,Q2,53181,51609,38957,14224,26.75,21435305,6385310
2022-04-04,Monday,April,2022,Q2,65527,68651,36441,29086,44.39,21500832,6414396
2022-04-05,Tuesday,April,2022,Q2,47377,57996,33276,14101,29.76,21548209,6428497
2022-04-06,Wednesday,April,2022,Q2,57954,61811,39663,18291,31.56,21606163,6446788
2022-04-07,Thursday,April,2022,Q2,49070,52996,36716,12354,25.18,21655233,6459142
2022-04-08,Friday,April,2022,Q2,51445,45665,38404,13041,25.35,21706678,6472183
2022-04-09,Saturday,April,2022,Q2,31989,27834,34071,-2082,-6.51,21738667,6470101
2022-04-10,Sunday,April,2022,Q2,29744,25663,35547,-5803,-19.51,21768411,6464298
2022-04-11,Monday,April,2022,Q2,50775,45780,33471,17304,34.08,21819186,6481602
2022-04-12,Tuesday,April,2022,Q2,65006,66901,38658,26348,40.53,21884192,6507950
2022-04-13,Wednesday,April,2022,Q2,51709,48790,37508,14201,27.46,21935901,6522151
2022-04-14,Thursday,April,2022,Q2,46714,44712,38022,8692,18.61,21982615,6530843
2022-04-15,Friday,April,2022,Q2,64489,52503,38618,25871,40.12,22047104,6556714
2022-04-16,Saturday,April,2022,Q2,38966,37456,37273,1693,4.34,22086070,6558407
2022-04-17,Sunday,April,2022,Q2,38815,30023,39141,-326,-0.84,22124885,6558081
2022-04-18,Monday,April,2022,Q2,66816,74344,32911,33905,50.74,22191701,6591986
2022-04-19,Tuesday,April,2022,Q2,59199,66114,32816,26383,44.57,22250900,6618369
2022-04-20,Wednesday,April,2022,Q2,50938,43582,39002,11936,23.43,22301838,6630305
2022-04-21,Thursday,April,2022,Q2,51653,47002,36592,15061,29.16,22353491,6645366
2022-04-22,Friday,April,2022,Q2,49156,44910,36412,12744,25.93,22402647,6658110
2022-04-23,Saturday,April,2022,Q2,38568,47418,35204,3364,8.72,22441215,6661474
2022-04-24,Sunday,April,2022,Q2,40194,39783,33905,6289,15.65,22481409,6667763
2022-04-25,Monday,April,2022,Q2,66602,70755,39786,26816,40.26,22548011,6694579
2022-04-26,Tuesday,April,2022,Q2,68990,78788,37361,31629,45.85,22617001,6726208
2022-04-27,Wednesday,April,2022,Q2,67096,57916,34192,32904,49.04,22684097,6759112
2022-04-28,Thursday,April,2022,Q2,54160,63632,33878,20282,37.45,22738257,6779394
2022-04-29,Friday,April,2022,Q2,62045,68907,37678,24367,39.27,22800302,6803761
2022-04-30,Saturday,April,2022,Q2,35370,32469,38989,-3619,-10.23,22835672,6800142
2022-05-01,Sunday,May,2022,Q2,66478,54095,34187,32291,48.57,22902150,6832433
2022-05-02,Monday,May,2022,Q2,50633,44085,39259,11374,22.46,22952783,6843807
2022-05-03,Tuesday,May,2022,Q2,46503,50121,38212,8291,17.83,22999286,6852098
2022-05-04,Wednesday,May,2022,Q2,68092,67506,35468,32624,47.91,23067378,6884722
2022-05-05,Thursday,May,2022,Q2,49138,44308,38339,10799,21.98,23116516,6895521
2022-05-06,Friday,May,2022,Q2,50006,60531,39331,10675,21.35,23166522,6906196
2022-05-07,Saturday,May,2022,Q2,35727,30486,37590,-1863,-5.21,23202249,6904333
2022-05-08,Sunday,May,2022,Q2,40693,47476,39806,887,2.18,23242942,6905220
2022-05-09,Monday,May,2022,Q2,59854,73203,34202,25652,42.86,23302796,6930872
2022-05-10,Tuesday,May,2022,Q2,49234,52649,39719,9515,19.33,23352030,6940387
2022-05-11,Wednesday,May,2022,Q2,48040,52779,39026,9014,18.76,23400070,6949401
2022-05-12,Thursday,May,2022,Q2,51739,41752,68677,-16938,-32.74,23451809,6932463
2022-05-13,Friday,May,2022,Q2,55652,47809,38990,16662,29.94,23507461,6949125
2022-05-14,Saturday,May,2022,Q2,39037,43885,38095,942,2.41,23546498,6950067
2022-05-15,Sunday,May,2022,Q2,38628,29910,34494,4134,10.7,23585126,6954201
2022-05-16,Monday,May,2022,Q2,66422,54972,39426,26996,40.64,23651548,6981197
2022-05-17,Tuesday,May,2022,Q2,68661,81085,35727,32934,47.97,23720209,7014131
2022-05-18,Wednesday,May,2022,Q2,55986,45211,39662,16324,29.16,23776195,7030455
2022-05-19,Thursday,May,2022,Q2,67288,69465,34757,32531,48.35,23843483,7062986
2022-05-20,Friday,May,2022,Q2,58642,55826,32630,26012,44.36,23902125,7088998
2022-05-21,Saturday,May,2022,Q2,36226,34492,34101,2125,5.87,23938351,7091123
2022-05-22,Sunday,May,2022,Q2,34135,29708,36014,-1879,-5.5,23972486,7089244
2022-05-23,Monday,May,2022,Q2,60762,57279,35366,25396,41.8,24033248,7114640
2022-05-24,Tuesday,May,2022,Q2,56114,52515,36690,19424,34.62,24089362,7134064
2022-05-25,Wednesday,May,2022,Q2,48224,53053,35601,12623,26.18,24137586,7146687
2022-05-26,Thursday,May,2022,Q2,47402,45363,39598,7804,16.46,24184988,7154491
2022-05-27,Friday,May,2022,Q2,59172,51850,35462,23710,40.07,24244160,7178201
2022-05-28,Saturday,May,2022,Q2,35482,35976,39722,-4240,-11.95,24279642,7173961
2022-05-29,Sunday,May,2022,Q2,33796,38539,34137,-341,-1.01,24313438,7173620
2022-05-30,Monday,May,2022,Q2,47802,49774,38561,9241,19.33,24361240,7182861
2022-05-31,Tuesday,May,2022,Q2,53354,59989,33233,20121,37.71,24414594,7202982
2022-06-01,Wednesday,June,2022,Q2,72272,75879,32692,39580,54.77,24486866,7242562
2022-06-02,Thursday,June,2022,Q2,70376,57384,36707,33669,47.84,24557242,7276231
2022-06-03,Friday,June,2022,Q2,53135,46004,38295,14840,27.93,24610377,7291071
2022-06-04,Saturday,June,2022,Q2,43686,40176,36746,6940,15.89,24654063,7298011
2022-06-05,Sunday,June,2022,Q2,36477,38893,35512,965,2.65,24690540,7298976
2022-06-06,Monday,June,2022,Q2,68069,55658,34548,33521,49.25,24758609,7332497
2022-06-07,Tuesday,June,2022,Q2,70679,67574,38820,31859,45.08,24829288,7364356
2022-06-08,Wednesday,June,2022,Q2,56367,53132,38210,18157,32.21,24885655,7382513
2022-06-09,Thursday,June,2022,Q2,65905,54756,39220,26685,40.49,24951560,7409198
2022-06-10,Friday,June,2022,Q2,63667,57772,38336,25331,39.79,25015227,7434529
2022-06-11,Saturday,June,2022,Q2,36483,40675,36722,-239,-0.66,25051710,7434290
2022-06-12,Sunday,June,2022,Q2,33407,26211,32968,439,1.31,25085117,7434729
2022-06-13,Monday,June,2022,Q2,59919,58452,39290,20629,34.43,25145036,7455358
2022-06-14,Tuesday,June,2022,Q2,62966,64445,36040,26926,42.76,25208002,7482284
2022-06-15,Wednesday,June,2022,Q2,71792,67007,33257,38535,53.68,25279794,7520819
2022-06-16,Thursday,June,2022,Q2,72201,77989,34206,37995,52.62,25351995,7558814
2022-06-17,Friday,June,2022,Q2,67085,69900,39609,27476,40.96,25419080,7586290
2022-06-18,Saturday,June,2022,Q2,32368,28983,34223,-1855,-5.73,25451448,7584435
2022-06-19,Sunday,June,2022,Q2,41179,43625,39090,2089,5.07,25492627,7586524
2022-06-20,Monday,June,2022,Q2,112214,103546,37120,75094,66.92,25604841,7661618
2022-06-21,Tuesday,June,2022,Q2,75052,85764,36904,38148,50.83,25679893,7699766
2022-06-22,Wednesday,June,2022,Q2,62787,57363,34958,27829,44.32,25742680,7727595
2022-06-23,Thursday,June,2022,Q2,74690,76746,36350,38340,51.33,25817370,7765935
2022-06-24,Friday,June,2022,Q2,72290,80475,34917,37373,51.7,25889660,7803308
2022-06-25,Saturday,June,2022,Q2,37910,36227,35533,2377,6.27,25927570,7805685
2022-06-26,Sunday,June,2022,Q2,45460,50403,37770,7690,16.92,25973030,7813375
2022-06-27,Monday,June,2022,Q2,62636,72634,34777,27859,44.48,26035666,7841234
2022-06-28,Tuesday,June,2022,Q2,64723,59210,37970,26753,41.33,26100389,7867987
2022-06-29,Wednesday,June,2022,Q2,73689,90333,37343,36346,49.32,26174078,7904333
2022-06-30,Thursday,June,2022,Q2,72647,73056,35295,37352,51.42,26246725,7941685
2022-07-01,Friday,July,2022,Q3,53579,44605,36806,16773,31.31,26300304,7958458
2022-07-02,Saturday,July,2022,Q3,33313,28757,36441,-3128,-9.39,26333617,7955330
2022-07-03,Sunday,July,2022,Q3,32648,38462,39754,-7106,-21.77,26366265,7948224
2022-07-04,Monday,July,2022,Q3,54223,60098,33187,21036,38.8,26420488,7969260
2022-07-05,Tuesday,July,2022,Q3,58529,47950,34119,24410,41.71,26479017,7993670
2022-07-06,Wednesday,July,2022,Q3,54608,62539,33540,21068,38.58,26533625,8014738
2022-07-07,Thursday,July,2022,Q3,61454,57881,36469,24985,40.66,26595079,8039723
2022-07-08,Friday,July,2022,Q3,73167,80934,59038,14129,19.31,26668246,8053852
2022-07-09,Saturday,July,2022,Q3,43672,38784,36249,7423,17.0,26711918,8061275
2022-07-10,Sunday,July,2022,Q3,31054,36463,36371,-5317,-17.12,26742972,8055958
2022-07-11,Monday,July,2022,Q3,67975,60896,36153,31822,46.81,26810947,8087780
2022-07-12,Tuesday,July,2022,Q3,73544,78744,34227,39317,53.46,26884491,8127097
2022-07-13,Wednesday,July,2022,Q3,51154,49317,37754,13400,26.2,26935645,8140497
2022-07-14,Thursday,July,2022,Q3,66800,74959,36905,29895,44.75,27002445,8170392
2022-07-15,Friday,July,2022,Q3,71753,56528,35821,35932,50.08,27074198,8206324
2022-07-16,Saturday,July,2022,Q3,41014,36854,32669,8345,20.35,27115212,8214669
2022-07-17,Sunday,July,2022,Q3,38258,40942,35636,2622,6.85,27153470,8217291
2022-07-18,Monday,July,2022,Q3,66227,62192,36208,30019,45.33,27219697,8247310
2022-07-19,Tuesday,July,2022,Q3,71636,83982,35571,36065,50.34,27291333,8283375
2022-07-20,Wednesday,July,2022,Q3,73632,79022,50133,23499,31.91,27364965,8306874
2022-07-21,Thursday,July,2022,Q3,71731,73893,33255,38476,53.64,27436696,8345350
2022-07-22,Friday,July,2022,Q3,53162,46681,39765,13397,25.2,27489858,8358747
2022-07-23,Saturday,July,2022,Q3,31875,26450,34707,-2832,-8.88,27521733,8355915
2022-07-24,Sunday,July,2022,Q3,41571,35735,32934,8637,20.78,27563304,8364552
2022-07-25,Monday,July,2022,Q3,54913,51461,37107,17806,32.43,27618217,8382358
2022-07-26,Tuesday,July,2022,Q3,71218,61566,39574,31644,44.43,27689435,8414002
2022-07-27,Wednesday,July,2022,Q3,72121,81974,38376,33745,46.79,27761556,8447747
2022-07-28,Thursday,July,2022,Q3,52083,59213,35616,16467,31.62,27813639,8464214
2022-07-29,Friday,July,2022,Q3,67763,58412,35200,32563,48.05,27881402,8496777
2022-07-30,Saturday,July,2022,Q3,43088,49355,39270,3818,8.86,27924490,8500595
2022-07-31,Sunday,July,2022,Q3,31057,27573,37707,-6650,-21.41,27955547,8493945
2022-08-01,Monday,August,2022,Q3,65189,70080,37455,27734,42.54,28020736,8521679
2022-08-02,Tuesday,August,2022,Q3,68324,58188,34403,33921,49.65,28089060,8555600
2022-08-03,Wednesday,August,2022,Q3,60337,68919,39759,20578,34.11,28149397,8576178
2022-08-04,Thursday,August,2022,Q3,54570,64372,38901,15669,28.71,28203967,8591847
2022-08-05,Friday,August,2022,Q3,56694,64327,34216,22478,39.65,28260661,8614325
2022-08-06,Saturday,August,2022,Q3,33927,34377,35848,-1921,-5.66,28294588,8612404
2022-08-07,Sunday,August,2022,Q3,32161,32619,33346,-1185,-3.68,28326749,8611219
2022-08-08,Monday,August,2022,Q3,50604,42764,37087,13517,26.71,28377353,8624736
2022-08-09,Tuesday,August,2022,Q3,55833,62349,35234,20599,36.89,28433186,8645335
2022-08-10,Wednesday,August,2022,Q3,62097,64352,36030,26067,41.98,28495283,8671402
2022-08-11,Thursday,August,2022,Q3,53484,57389,35075,18409,34.42,28548767,8689811
2022-08-12,Friday,August,2022,Q3,57987,59679,32934,25053,43.2,28606754,8714864
2022-08-13,Saturday,August,2022,Q3,41241,43131,37028,4213,10.22,28647995,8719077
2022-08-14,Sunday,August,2022,Q3,36324,36704,37795,-1471,-4.05,28684319,8717606
2022-08-15,Monday,August,2022,Q3,74043,84784,38196,35847,48.41,28758362,8753453
2022-08-16,Tuesday,August,2022,Q3,74791,63853,36444,38347,51.27,28833153,8791800
2022-08-17,Wednesday,August,2022,Q3,71822,71391,39276,32546,45.31,28904975,8824346
2022-08-18,Thursday,August,2022,Q3,69081,58150,36953,32128,46.51,28974056,8856474
2022-08-19,Friday,August,2022,Q3,60331,74893,38125,22206,36.81,29034387,8878680
2022-08-20,Saturday,August,2022,Q3,45092,42619,35592,9500,21.07,29079479,8888180
2022-08-21,Sunday,August,2022,Q3,34897,39069,37760,-2863,-8.2,29114376,8885317
2022-08-22,Monday,August,2022,Q3,55682,57223,35104,20578,36.96,29170058,8905895
2022-08-23,Tuesday,August,2022,Q3,67047,79369,37632,29415,43.87,29237105,8935310
2022-08-24,Wednesday,August,2022,Q3,59511,59460,37436,22075,37.09,29296616,8957385
2022-08-25,Thursday,August,2022,Q3,71887,68014,38458,33429,46.5,29368503,8990814
2022-08-26,Friday,August,2022,Q3,54276,56232,38037,16239,29.92,29422779,9007053
2022-08-27,Saturday,August,2022,Q3,34163,39540,34740,-577,-1.69,29456942,9006476
2022-08-28,Sunday,August,2022,Q3,42716,37245,37960,4756,11.13,29499658,9011232
2022-08-29,Monday,August,2022,Q3,64800,59647,38389,26411,40.76,29564458,9037643
2022-08-30,Tuesday,August,2022,Q3,74040,73939,39672,34368,46.42,29638498,9072011
2022-08-31,Wednesday,August,2022,Q3,50928,46415,38260,12668,24.87,29689426,9084679
2022-09-01,Thursday,September,2022,Q3,66964,73514,38073,28891,43.14,29756390,9113570
2022-09-02,Friday,September,2022,Q3,63851,74150,33887,29964,46.93,29820241,9143534
2022-09-03,Saturday,September,2022,Q3,29998,29793,35707,-5709,-19.03,29850239,9137825
2022-09-04,Sunday,September,2022,Q3,35659,31619,37744,-2085,-5.85,29885898,9135740
2022-09-05,Monday,September,2022,Q3,53420,45717,37062,16358,30.62,29939318,9152098
2022-09-06,Tuesday,September,2022,Q3,59171,57397,34905,24266,41.01,29998489,9176364
2022-09-07,Wednesday,September,2022,Q3,47568,47265,36493,11075,23.28,30046057,9187439
2022-09-08,Thursday,September,2022,Q3,50907,46822,34185,16722,32.85,30096964,9204161
2022-09-09,Friday,September,2022,Q3,68922,81591,32666,36256,52.6,30165886,9240417
2022-09-10,Saturday,September,2022,Q3,40082,42412,39549,533,1.33,30205968,9240950
2022-09-11,Sunday,September,2022,Q3,40239,46860,36516,3723,9.25,30246207,9244673
2022-09-12,Monday,September,2022,Q3,64908,63528,35830,29078,44.8,30311115,9273751
2022-09-13,Tuesday,September,2022,Q3,50427,52980,33815,16612,32.94,30361542,9290363
2022-09-14,Wednesday,September,2022,Q3,46168,38793,38207,7961,17.24,30407710,9298324
2022-09-15,Thursday,September,2022,Q3,48390,50116,39675,8715,18.01,30456100,9307039
2022-09-16,Friday,September,2022,Q3,67614,71719,35929,31685,46.86,30523714,9338724
2022-09-17,Saturday,September,2022,Q3,28348,31868,36768,-8420,-29.7,30552062,9330304
2022-09-18,Sunday,September,2022,Q3,32954,34438,32724,230,0.7,30585016,9330534
2022-09-19,Monday,September,2022,Q3,60752,65256,36845,23907,39.35,30645768,9354441
2022-09-20,Tuesday,September,2022,Q3,67345,58362,34785,32560,48.35,30713113,9387001
2022-09-21,Wednesday,September,2022,Q3,56066,54577,36036,20030,35.73,30769179,9407031
2022-09-22,Thursday,September,2022,Q3,54992,61817,39558,15434,28.07,30824171,9422465
2022-09-23,Friday,September,2022,Q3,67025,76652,35305,31720,47.33,30891196,9454185
2022-09-24,Saturday,September,2022,Q3,35259,28463,36925,-1666,-4.73,30926455,9452519
2022-09-25,Sunday,September,2022,Q3,31804,36373,35093,-3289,-10.34,30958259,9449230
2022-09-26,Monday,September,2022,Q3,57788,48556,38650,19138,33.12,31016047,9468368
2022-09-27,Tuesday,September,2022,Q3,64392,76046,39357,25035,38.88,31080439,9493403
2022-09-28,Wednesday,September,2022,Q3,58642,51406,33313,25329,43.19,31139081,9518732
2022-09-29,Thursday,September,2022,Q3,53609,46346,33327,20282,37.83,31192690,9539014
2022-09-30,Friday,September,2022,Q3,53309,52864,34817,18492,34.69,31245999,9557506
2022-10-01,Saturday,October,2022,Q4,32630,30016,32637,-7,-0.02,31278629,9557499
2022-10-02,Sunday,October,2022,Q4,37809,38096,33575,4234,11.2,31316438,9561733
2022-10-03,Monday,October,2022,Q4,56645,52404,36599,20046,35.39,31373083,9581779
2022-10-04,Tuesday,October,2022,Q4,65361,72048,36504,28857,44.15,31438444,9610636
2022-10-05,Wednesday,October,2022,Q4,47758,37738,36277,11481,24.04,31486202,9622117
2022-10-06,Thursday,October,2022,Q4,55318,59638,36598,18720,33.84,31541520,9640837
2022-10-07,Friday,October,2022,Q4,56858,62269,34220,22638,39.81,31598378,9663475
2022-10-08,Saturday,October,2022,Q4,31615,31201,35477,-3862,-12.22,31629993,9659613
2022-10-09,Sunday,October,2022,Q4,39302,44624,33804,5498,13.99,31669295,9665111
2022-10-10,Monday,October,2022,Q4,50120,60058,39613,10507,20.96,31719415,9675618
2022-10-11,Tuesday,October,2022,Q4,54252,48090,33057,21195,39.07,31773667,9696813
2022-10-12,Wednesday,October,2022,Q4,50755,58213,36005,14750,29.06,31824422,9711563
2022-10-13,Thursday,October,2022,Q4,68553,65027,36379,32174,46.93,31892975,9743737
2022-10-14,Friday,October,2022,Q4,52056,51251,37338,14718,28.27,31945031,9758455
2022-10-15,Saturday,October,2022,Q4,39129,38902,39175,-46,-0.12,31984160,9758409
2022-10-16,Sunday,October,2022,Q4,39574,39295,36980,2594,6.55,32023734,9761003
2022-10-17,Monday,October,2022,Q4,49808,41975,34134,15674,31.47,32073542,9776677
2022-10-18,Tuesday,October,2022,Q4,62497,51527,38479,24018,38.43,32136039,9800695
2022-10-19,Wednesday,October,2022,Q4,57012,48706,38640,18372,32.22,32193051,9819067
2022-10-20,Thursday,October,2022,Q4,59190,51829,32886,26304,44.44,32252241,9845371
2022-10-21,Friday,October,2022,Q4,51939,47367,36944,14995,28.87,32304180,9860366
2022-10-22,Saturday,October,2022,Q4,37529,39091,33223,4306,11.47,32341709,9864672
2022-10-23,Sunday,October,2022,Q4,39568,35488,36955,2613,6.6,32381277,9867285
2022-10-24,Monday,October,2022,Q4,50183,52130,37849,12334,24.58,32431460,9879619
2022-10-25,Tuesday,October,2022,Q4,59583,52534,33389,26194,43.96,32491043,9905813
2022-10-26,Wednesday,October,2022,Q4,57600,53798,33300,24300,42.19,32548643,9930113
2022-10-27,Thursday,October,2022,Q4,46897,52239,33453,13444,28.67,32595540,9943557
2022-10-28,Friday,October,2022,Q4,59879,70412,38216,21663,36.18,32655419,9965220
2022-10-29,Saturday,October,2022,Q4,32711,26816,34265,-1554,-4.75,32688130,9963666
2022-10-30,Sunday,October,2022,Q4,32861,34852,38119,-5258,-16.0,32720991,9958408
2022-10-31,Monday,October,2022,Q4,49079,47329,38826,10253,20.89,32770070,9968661
2022-11-01,Tuesday,November,2022,Q4,72018,64378,38321,33697,46.79,32842088,10002358
2022-11-02,Wednesday,November,2022,Q4,60015,64921,34891,25124,41.86,32902103,10027482
2022-11-03,Thursday,November,2022,Q4,79282,74005,35671,43611,55.01,32981385,10071093
2022-11-04,Friday,November,2022,Q4,80150,87557,38281,41869,52.24,33061535,10112962
2022-11-05,Saturday,November,2022,Q4,45835,40521,35097,10738,23.43,33107370,10123700
2022-11-06,Sunday,November,2022,Q4,51218,55831,35838,15380,30.03,33158588,10139080
2022-11-07,Monday,November,2022,Q4,66212,62551,36591,29621,44.74,33224800,10168701
2022-11-08,Tuesday,November,2022,Q4,64606,72821,33262,31344,48.52,33289406,10200045
2022-11-09,Wednesday,November,2022,Q4,72817,58447,33182,39635,54.43,33362223,10239680
2022-11-10,Thursday,November,2022,Q4,89234,93497,37758,51476,57.69,33451457,10291156
2022-11-11,Friday,November,2022,Q4,84324,88512,34063,50261,59.6,33535781,10341417
2022-11-12,Saturday,November,2022,Q4,41010,33691,36339,4671,11.39,33576791,10346088
2022-11-13,Sunday,November,2022,Q4,36526,31081,33743,2783,7.62,33613317,10348871
2022-11-14,Monday,November,2022,Q4,70358,67987,36353,34005,48.33,33683675,10382876
2022-11-15,Tuesday,November,2022,Q4,62495,58990,39231,23264,37.23,33746170,10406140
2022-11-16,Wednesday,November,2022,Q4,68067,68795,39338,28729,42.21,33814237,10434869
2022-11-17,Thursday,November,2022,Q4,71973,58050,34734,37239,51.74,33886210,10472108
2022-11-18,Friday,November,2022,Q4,88405,104889,36767,51638,58.41,33974615,10523746
2022-11-19,Saturday,November,2022,Q4,45983,52260,39566,6417,13.96,34020598,10530163
2022-11-20,Sunday,November,2022,Q4,46407,36189,33091,13316,28.69,34067005,10543479
2022-11-21,Monday,November,2022,Q4,149332,130745,39524,109808,73.53,34216337,10653287
2022-11-22,Tuesday,November,2022,Q4,67222,57256,38551,28671,42.65,34283559,10681958
2022-11-23,Wednesday,November,2022,Q4,74049,72459,34551,39498,53.34,34357608,10721456
2022-11-24,Thursday,November,2022,Q4,87006,84359,37930,49076,56.41,34444614,10770532
2022-11-25,Friday,November,2022,Q4,65862,59970,33732,32130,48.78,34510476,10802662
2022-11-26,Saturday,November,2022,Q4,48004,51724,38139,9865,20.55,34558480,10812527
2022-11-27,Sunday,November,2022,Q4,44532,46645,39741,4791,10.76,34603012,10817318
2022-11-28,Monday,November,2022,Q4,74475,92603,34633,39842,53.5,34677487,10857160
2022-11-29,Tuesday,November,2022,Q4,61419,68622,36520,24899,40.54,34738906,10882059
2022-11-30,Wednesday,November,2022,Q4,80321,73202,37661,42660,53.11,34819227,10924719
2022-12-01,Thursday,December,2022,Q4,60153,53624,34960,25193,41.88,34879380,10949912
2022-12-02,Friday,December,2022,Q4,76202,67994,37044,39158,51.39,34955582,10989070
2022-12-03,Saturday,December,2022,Q4,39656,42292,38792,864,2.18,34995238,10989934
2022-12-04,Sunday,December,2022,Q4,38232,38323,33326,4906,12.83,35033470,10994840
2022-12-05,Monday,December,2022,Q4,72723,66805,39551,33172,45.61,35106193,11028012
2022-12-06,Tuesday,December,2022,Q4,65080,68294,38756,26324,40.45,35171273,11054336
2022-12-07,Wednesday,December,2022,Q4,83281,77095,36716,46565,55.91,35254554,11100901
2022-12-08,Thursday,December,2022,Q4,61595,69164,37165,24430,39.66,35316149,11125331
2022-12-09,Friday,December,2022,Q4,70592,75418,52414,18178,25.75,35386741,11143509
2022-12-10,Saturday,December,2022,Q4,48071,50486,37310,10761,22.39,35434812,11154270
2022-12-11,Sunday,December,2022,Q4,40985,38157,38215,2770,6.76,35475797,11157040
2022-12-12,Monday,December,2022,Q4,78148,80531,38893,39255,50.23,35553945,11196295
2022-12-13,Tuesday,December,2022,Q4,72412,74944,39174,33238,45.9,35626357,11229533
2022-12-14,Wednesday,December,2022,Q4,69173,74951,36988,32185,46.53,35695530,11261718
2022-12-15,Thursday,December,2022,Q4,83151,100167,36376,46775,56.25,35778681,11308493
2022-12-16,Friday,December,2022,Q4,85340,70615,34425,50915,59.66,35864021,11359408
2022-12-17,Saturday,December,2022,Q4,39657,36485,39389,268,0.68,35903678,11359676
2022-12-18,Sunday,December,2022,Q4,49710,52676,33355,16355,32.9,35953388,11376031
2022-12-19,Monday,December,2022,Q4,87654,81524,37946,49708,56.71,36041042,11425739
2022-12-20,Tuesday,December,2022,Q4,75549,62545,35187,40362,53.42,36116591,11466101
2022-12-21,Wednesday,December,2022,Q4,73769,88397,36576,37193,50.42,36190360,11503294
2022-12-22,Thursday,December,2022,Q4,75924,78340,38028,37896,49.91,36266284,11541190
2022-12-23,Friday,December,2022,Q4,78929,83266,36092,42837,54.27,36345213,11584027
2022-12-24,Saturday,December,2022,Q4,41403,38573,32678,8725,21.07,36386616,11592752
2022-12-25,Sunday,December,2022,Q4,38325,35179,37585,740,1.93,36424941,11593492
2022-12-26,Monday,December,2022,Q4,68758,78336,36927,31831,46.29,36493699,11625323
2022-12-27,Tuesday,December,2022,Q4,65438,74966,34412,31026,47.41,36559137,11656349
2022-12-28,Wednesday,December,2022,Q4,84569,71956,37132,47437,56.09,36643706,11703786
2022-12-29,Thursday,December,2022,Q4,78135,82275,37300,40835,52.26,36721841,11744621
2022-12-30,Friday,December,2022,Q4,65421,52161,33402,32019,48.94,36787262,11776640
2022-12-31,Saturday,December,2022,Q4,48446,47424,33704,14742,30.43,36835708,11791382
2023-01-01,Sunday,January,2023,Q1,37094,32591,56356,-19262,-51.93,36872802,11772120
2023-01-02,Monday,January,2023,Q1,51866,47670,43402,8464,16.32,36924668,11780584
2023-01-03,Tuesday,January,2023,Q1,58061,55977,44648,13413,23.1,36982729,11793997
2023-01-04,Wednesday,January,2023,Q1,43084,41259,43747,-663,-1.54,37025813,11793334
2023-01-05,Thursday,January,2023,Q1,44136,47643,43171,965,2.19,37069949,11794299
2023-01-06,Friday,January,2023,Q1,42297,42762,41123,1174,2.78,37112246,11795473
2023-01-07,Saturday,January,2023,Q1,33464,30401,42007,-8543,-25.53,37145710,11786930
2023-01-08,Sunday,January,2023,Q1,31461,28749,38482,-7021,-22.32,37177171,11779909
2023-01-09,Monday,January,2023,Q1,46129,39505,39512,6617,14.34,37223300,11786526
2023-01-10,Tuesday,January,2023,Q1,44088,46771,37198,6890,15.63,37267388,11793416
2023-01-11,Wednesday,January,2023,Q1,54001,49120,38146,15855,29.36,37321389,11809271
2023-01-12,Thursday,January,2023,Q1,60961,73993,37344,23617,38.74,37382350,11832888
2023-01-13,Friday,January,2023,Q1,58062,48052,44894,13168,22.68,37440412,11846056
2023-01-14,Saturday,January,2023,Q1,35012,33105,42499,-7487,-21.38,37475424,11838569
2023-01-15,Sunday,January,2023,Q1,36175,35737,39268,-3093,-8.55,37511599,11835476
2023-01-16,Monday,January,2023,Q1,45481,43702,39109,6372,14.01,37557080,11841848
2023-01-17,Tuesday,January,2023,Q1,53134,42454,39276,13858,26.08,37610214,11855706
2023-01-18,Wednesday,January,2023,Q1,41614,43380,72234,-30620,-73.58,37651828,11825086
2023-01-19,Thursday,January,2023,Q1,46566,51484,41269,5297,11.38,37698394,11830383
2023-01-20,Friday,January,2023,Q1,51949,53617,39497,12452,23.97,37750343,11842835
2023-01-21,Saturday,January,2023,Q1,31489,26903,37917,-6428,-20.41,37781832,11836407
2023-01-22,Sunday,January,2023,Q1,31017,26223,43704,-12687,-40.9,37812849,11823720
2023-01-23,Monday,January,2023,Q1,56187,50024,41817,14370,25.58,37869036,11838090
2023-01-24,Tuesday,January,2023,Q1,45941,47567,37509,8432,18.35,37914977,11846522
2023-01-25,Wednesday,January,2023,Q1,53206,62007,39877,13329,25.05,37968183,11859851
2023-01-26,Thursday,January,2023,Q1,47128,36816,39343,7785,16.52,38015311,11867636
2023-01-27,Friday,January,2023,Q1,43620,47699,38406,5214,11.95,38058931,11872850
2023-01-28,Saturday,January,2023,Q1,32764,29267,40255,-7491,-22.86,38091695,11865359
2023-01-29,Sunday,January,2023,Q1,29427,29419,44085,-14658,-49.81,38121122,11850701
2023-01-30,Monday,January,2023,Q1,49952,45108,45032,4920,9.85,38171074,11855621
2023-01-31,Tuesday,January,2023,Q1,48155,56611,39899,8256,17.14,38219229,11863877
2023-02-01,Wednesday,February,2023,Q1,56698,59530,38607,18091,31.91,38275927,11881968
2023-02-02,Thursday,February,2023,Q1,46885,55251,40107,6778,14.46,38322812,11888746
2023-02-03,Friday,February,2023,Q1,53991,57054,39327,14664,27.16,38376803,11903410
2023-02-04,Saturday,February,2023,Q1,35639,29748,42503,-6864,-19.26,38412442,11896546
2023-02-05,Sunday,February,2023,Q1,31902,36047,37164,-5262,-16.49,38444344,11891284
2023-02-06,Monday,February,2023,Q1,49235,49495,43497,5738,11.65,38493579,11897022
2023-02-07,Tuesday,February,2023,Q1,60691,67862,43348,17343,28.58,38554270,11914365
2023-02-08,Wednesday,February,2023,Q1,55943,59998,41729,14214,25.41,38610213,11928579
2023-02-09,Thursday,February,2023,Q1,53586,42572,43168,10418,19.44,38663799,11938997
2023-02-10,Friday,February,2023,Q1,50263,59790,38711,11552,22.98,38714062,11950549
2023-02-11,Saturday,February,2023,Q1,25102,27559,39351,-14249,-56.76,38739164,11936300
2023-02-12,Sunday,February,2023,Q1,26826,26102,37268,-10442,-38.92,38765990,11925858
2023-02-13,Monday,February,2023,Q1,50868,52828,38673,12195,23.97,38816858,11938053
2023-02-14,Tuesday,February,2023,Q1,44349,37207,37258,7091,15.99,38861207,11945144
2023-02-15,Wednesday,February,2023,Q1,52037,55602,37959,14078,27.05,38913244,11959222
2023-02-16,Thursday,February,2023,Q1,55166,49022,42880,12286,22.27,38968410,11971508
2023-02-17,Friday,February,2023,Q1,57756,55953,37588,20168,34.92,39026166,11991676
2023-02-18,Saturday,February,2023,Q1,29306,27460,37053,-7747,-26.43,39055472,11983929
2023-02-19,Sunday,February,2023,Q1,32650,38825,38049,-5399,-16.54,39088122,11978530
2023-02-20,Monday,February,2023,Q1,45753,44563,43839,1914,4.18,39133875,11980444
2023-02-21,Tuesday,February,2023,Q1,61337,74454,60863,474,0.77,39195212,11980918
2023-02-22,Wednesday,February,2023,Q1,51400,49094,38590,12810,24.92,39246612,11993728
2023-02-23,Thursday,February,2023,Q1,53015,58362,42547,10468,19.75,39299627,12004196
2023-02-24,Friday,February,2023,Q1,60445,59598,37347,23098,38.21,39360072,12027294
2023-02-25,Saturday,February,2023,Q1,28345,29191,37400,-9055,-31.95,39388417,12018239
2023-02-26,Sunday,February,2023,Q1,36352,32973,39250,-2898,-7.97,39424769,12015341
2023-02-27,Monday,February,2023,Q1,61979,63494,44257,17722,28.59,39486748,12033063
2023-02-28,Tuesday,February,2023,Q1,43430,39981,41447,1983,4.57,39530178,12035046
2023-03-01,Wednesday,March,2023,Q1,75979,69979,76013,-34,-0.04,39606157,12035012
2023-03-02,Thursday,March,2023,Q1,59860,75169,39114,20746,34.66,39666017,12055758
2023-03-03,Friday,March,2023,Q1,62066,78130,44587,17479,28.16,39728083,12073237
2023-03-04,Saturday,March,2023,Q1,36531,33696,42832,-6301,-17.25,39764614,12066936
2023-03-05,Sunday,March,2023,Q1,44814,47759,41547,3267,7.29,39809428,12070203
2023-03-06,Monday,March,2023,Q1,67739,63918,42198,25541,37.71,39877167,12095744
2023-03-07,Tuesday,March,2023,Q1,57260,49894,44214,13046,22.78,39934427,12108790
2023-03-08,Wednesday,March,2023,Q1,75634,85113,41481,34153,45.16,40010061,12142943
2023-03-09,Thursday,March,2023,Q1,65857,69374,43730,22127,33.6,40075918,12165070
2023-03-10,Friday,March,2023,Q1,60285,74994,39339,20946,34.74,40136203,12186016
2023-03-11,Saturday,March,2023,Q1,41134,43487,38394,2740,6.66,40177337,12188756
2023-03-12,Sunday,March,2023,Q1,46580,49273,41870,4710,10.11,40223917,12193466
2023-03-13,Monday,March,2023,Q1,52678,45043,37953,14725,27.95,40276595,12208191
2023-03-14,Tuesday,March,2023,Q1,68888,59502,40735,28153,40.87,40345483,12236344
2023-03-15,Wednesday,March,2023,Q1,62623,77530,44637,17986,28.72,40408106,12254330
2023-03-16,Thursday,March,2023,Q1,57273,48873,44673,12600,22.0,40465379,12266930
2023-03-17,Friday,March,2023,Q1,69884,83242,40356,29528,42.25,40535263,12296458
2023-03-18,Saturday,March,2023,Q1,44059,47432,44546,-487,-1.11,40579322,12295971
2023-03-19,Sunday,March,2023,Q1,41205,42512,37750,3455,8.38,40620527,12299426
2023-03-20,Monday,March,2023,Q1,74822,67466,44912,29910,39.97,40695349,12329336
2023-03-21,Tuesday,March,2023,Q1,71894,82554,40454,31440,43.73,40767243,12360776
2023-03-22,Wednesday,March,2023,Q1,59433,50445,44381,15052,25.33,40826676,12375828
2023-03-23,Thursday,March,2023,Q1,64053,65019,40955,23098,36.06,40890729,12398926
2023-03-24,Friday,March,2023,Q1,75252,75829,39504,35748,47.5,40965981,12434674
2023-03-25,Saturday,March,2023,Q1,45187,54343,37593,7594,16.81,41011168,12442268
2023-03-26,Sunday,March,2023,Q1,42298,37467,37601,4697,11.1,41053466,12446965
2023-03-27,Monday,March,2023,Q1,54217,60044,44841,9376,17.29,41107683,12456341
2023-03-28,Tuesday,March,2023,Q1,66308,52426,39600,26708,40.28,41173991,12483049
2023-03-29,Wednesday,March,2023,Q1,56215,49521,37275,18940,33.69,41230206,12501989
2023-03-30,Thursday,March,2023,Q1,139521,123654,44214,95307,68.31,41369727,12597296
2023-03-31,Friday,March,2023,Q1,52317,52260,43468,8849,16.91,41422044,12606145
2023-04-01,Saturday,April,2023,Q2,65906,69784,40473,25433,38.59,41487950,12631578
2023-04-02,Sunday,April,2023,Q2,35538,38562,38555,-3017,-8.49,41523488,12628561
2023-04-03,Monday,April,2023,Q2,61074,49960,41589,19485,31.9,41584562,12648046
2023-04-04,Tuesday,April,2023,Q2,54280,48048,38176,16104,29.67,41638842,12664150
2023-04-05,Wednesday,April,2023,Q2,70196,72674,44768,25428,36.22,41709038,12689578
2023-04-06,Thursday,April,2023,Q2,52931,57577,44205,8726,16.49,41761969,12698304
2023-04-07,Friday,April,2023,Q2,73926,60882,37854,36072,48.79,41835895,12734376
2023-04-08,Saturday,April,2023,Q2,37654,32315,37331,323,0.86,41873549,12734699
2023-04-09,Sunday,April,2023,Q2,39451,33682,41808,-2357,-5.97,41913000,12732342
2023-04-10,Monday,April,2023,Q2,63103,70154,41565,21538,34.13,41976103,12753880
2023-04-11,Tuesday,April,2023,Q2,67971,69428,40931,27040,39.78,42044074,12780920
2023-04-12,Wednesday,April,2023,Q2,58050,51555,37823,20227,34.84,42102124,12801147
2023-04-13,Thursday,April,2023,Q2,71174,63566,40250,30924,43.45,42173298,12832071
2023-04-14,Friday,April,2023,Q2,72957,65470,42506,30451,41.74,42246255,12862522
2023-04-15,Saturday,April,2023,Q2,35884,37578,37787,-1903,-5.3,42282139,12860619
2023-04-16,Sunday,April,2023,Q2,40075,49026,38443,1632,4.07,42322214,12862251
2023-04-17,Monday,April,2023,Q2,64456,60835,37966,26490,41.1,42386670,12888741
2023-04-18,Tuesday,April,2023,Q2,74495,85969,43523,30972,41.58,42461165,12919713
2023-04-19,Wednesday,April,2023,Q2,65547,68448,89241,-23694,-36.15,42526712,12896019
2023-04-20,Thursday,April,2023,Q2,72787,82853,44796,27991,38.46,42599499,12924010
2023-04-21,Friday,April,2023,Q2,77574,84290,41531,36043,46.46,42677073,12960053
2023-04-22,Saturday,April,2023,Q2,44687,50192,39430,5257,11.76,42721760,12965310
2023-04-23,Sunday,April,2023,Q2,38954,34698,44641,-5687,-14.6,42760714,12959623
2023-04-24,Monday,April,2023,Q2,54918,62876,44335,10583,19.27,42815632,12970206
2023-04-25,Tuesday,April,2023,Q2,64549,62550,44419,20130,31.19,42880181,12990336
2023-04-26,Wednesday,April,2023,Q2,72163,64166,43588,28575,39.6,42952344,13018911
2023-04-27,Thursday,April,2023,Q2,107898,117112,42700,65198,60.43,43060242,13084109
2023-04-28,Friday,April,2023,Q2,69863,69504,40678,29185,41.77,43130105,13113294
2023-04-29,Saturday,April,2023,Q2,41480,38666,39411,2069,4.99,43171585,13115363
2023-04-30,Sunday,April,2023,Q2,34203,30583,40467,-6264,-18.31,43205788,13109099
2023-05-01,Monday,May,2023,Q2,59114,48237,41065,18049,30.53,43264902,13127148
2023-05-02,Tuesday,May,2023,Q2,60280,52692,39174,21106,35.01,43325182,13148254
2023-05-03,Wednesday,May,2023,Q2,67944,63203,37920,30024,44.19,43393126,13178278
2023-05-04,Thursday,May,2023,Q2,54754,44650,38320,16434,30.01,43447880,13194712
2023-05-05,Friday,May,2023,Q2,73740,80546,39413,34327,46.55,43521620,13229039
2023-05-06,Saturday,May,2023,Q2,41665,44223,43044,-1379,-3.31,43563285,13227660
2023-05-07,Sunday,May,2023,Q2,43880,51083,40586,3294,7.51,43607165,13230954
2023-05-08,Monday,May,2023,Q2,64100,55640,43907,20193,31.5,43671265,13251147
2023-05-09,Tuesday,May,2023,Q2,62193,68268,43315,18878,30.35,43733458,13270025
2023-05-10,Wednesday,May,2023,Q2,52786,51488,40632,12154,23.03,43786244,13282179
2023-05-11,Thursday,May,2023,Q2,67715,55334,43550,24165,35.69,43853959,13306344
2023-05-12,Friday,May,2023,Q2,68885,77194,40137,28748,41.73,43922844,13335092
2023-05-13,Saturday,May,2023,Q2,39748,46733,39645,103,0.26,43962592,13335195
2023-05-14,Sunday,May,2023,Q2,43435,43527,41314,2121,4.88,44006027,13337316
2023-05-15,Monday,May,2023,Q2,54025,63805,40840,13185,24.41,44060052,13350501
2023-05-16,Tuesday,May,2023,Q2,66432,72560,44683,21749,32.74,44126484,13372250
2023-05-17,Wednesday,May,2023,Q2,73165,80124,40903,32262,44.09,44199649,13404512
2023-05-18,Thursday,May,2023,Q2,73242,87998,61679,11563,15.79,44272891,13416075
2023-05-19,Friday,May,2023,Q2,63777,59133,40517,23260,36.47,44336668,13439335
2023-05-20,Saturday,May,2023,Q2,35875,40818,44377,-8502,-23.7,44372543,13430833
2023-05-21,Sunday,May,2023,Q2,45475,54843,41863,3612,7.94,44418018,13434445
2023-05-22,Monday,May,2023,Q2,74165,63637,91484,-17319,-23.35,44492183,13417126
2023-05-23,Tuesday,May,2023,Q2,61340,72770,38781,22559,36.78,44553523,13439685
2023-05-24,Wednesday,May,2023,Q2,60271,56764,41319,18952,31.44,44613794,13458637
2023-05-25,Thursday,May,2023,Q2,56893,56570,43734,13159,23.13,44670687,13471796
2023-05-26,Friday,May,2023,Q2,69421,56727,36983,32438,46.73,44740108,13504234
2023-05-27,Saturday,May,2023,Q2,38013,43578,42114,-4101,-10.79,44778121,13500133
2023-05-28,Sunday,May,2023,Q2,43507,44987,38327,5180,11.91,44821628,13505313
2023-05-29,Monday,May,2023,Q2,63701,58128,41806,21895,34.37,44885329,13527208
2023-05-30,Tuesday,May,2023,Q2,58155,57676,41328,16827,28.93,44943484,13544035
2023-05-31,Wednesday,May,2023,Q2,66771,69448,40798,25973,38.9,45010255,13570008
2023-06-01,Thursday,June,2023,Q2,78114,97732,43233,34881,44.65,45088369,13604889
2023-06-02,Friday,June,2023,Q2,82651,68854,42929,39722,48.06,45171020,13644611
2023-06-03,Saturday,June,2023,Q2,45194,49634,37287,7907,17.5,45216214,13652518
2023-06-04,Sunday,June,2023,Q2,42365,42448,42864,-499,-1.18,45258579,13652019
2023-06-05,Monday,June,2023,Q2,80029,69876,44413,35616,44.5,45338608,13687635
2023-06-06,Tuesday,June,2023,Q2,73321,60295,38239,35082,47.85,45411929,13722717
2023-06-07,Wednesday,June,2023,Q2,80334,82530,37530,42804,53.28,45492263,13765521
2023-06-08,Thursday,June,2023,Q2,65146,54353,61190,3956,6.07,45557409,13769477
2023-06-09,Friday,June,2023,Q2,83229,92635,39883,43346,52.08,45640638,13812823
2023-06-10,Saturday,June,2023,Q2,38373,33565,37126,1247,3.25,45679011,13814070
2023-06-11,Sunday,June,2023,Q2,44539,51967,43020,1519,3.41,45723550,13815589
2023-06-12,Monday,June,2023,Q2,76095,80213,41586,34509,45.35,45799645,13850098
2023-06-13,Tuesday,June,2023,Q2,64761,69769,40655,24106,37.22,45864406,13874204
2023-06-14,Wednesday,June,2023,Q2,84320,95943,42452,41868,49.65,45948726,13916072
2023-06-15,Thursday,June,2023,Q2,72370,68992,43384,28986,40.05,46021096,13945058
2023-06-16,Friday,June,2023,Q2,72365,82115,41206,31159,43.06,46093461,13976217
2023-06-17,Saturday,June,2023,Q2,44795,46439,39068,5727,12.78,46138256,13981944
2023-06-18,Sunday,June,2023,Q2,44344,44419,38835,5509,12.42,46182600,13987453
2023-06-19,Monday,June,2023,Q2,72070,81000,49975,22095,30.66,46254670,14009548
2023-06-20,Tuesday,June,2023,Q2,57542,46369,40507,17035,29.6,46312212,14026583
2023-06-21,Wednesday,June,2023,Q2,62722,48700,44541,18181,28.99,46374934,14044764
2023-06-22,Thursday,June,2023,Q2,84383,90896,37837,46546,55.16,46459317,14091310
2023-06-23,Friday,June,2023,Q2,75972,88706,44776,31196,41.06,46535289,14122506
2023-06-24,Saturday,June,2023,Q2,38667,39820,42086,-3419,-8.84,46573956,14119087
2023-06-25,Sunday,June,2023,Q2,41647,49672,39503,2144,5.15,46615603,14121231
2023-06-26,Monday,June,2023,Q2,79425,74434,37346,42079,52.98,46695028,14163310
2023-06-27,Tuesday,June,2023,Q2,69800,72550,41853,27947,40.04,46764828,14191257
2023-06-28,Wednesday,June,2023,Q2,61314,65991,42123,19191,31.3,46826142,14210448
2023-06-29,Thursday,June,2023,Q2,60154,50233,38907,21247,35.32,46886296,14231695
2023-06-30,Friday,June,2023,Q2,61457,67716,42298,19159,31.17,46947753,14250854
2023-07-01,Saturday,July,2023,Q3,49843,51410,44552,5291,10.62,46997596,14256145
2023-07-02,Sunday,July,2023,Q3,48803,55836,82870,-34067,-69.81,47046399,14222078
2023-07-03,Monday,July,2023,Q3,72509,85322,39335,33174,45.75,47118908,14255252
2023-07-04,Tuesday,July,2023,Q3,75706,74159,39640,36066,47.64,47194614,14291318
2023-07-05,Wednesday,July,2023,Q3,65492,58029,44778,20714,31.63,47260106,14312032
2023-07-06,Thursday,July,2023,Q3,68356,58691,40839,27517,40.26,47328462,14339549
2023-07-07,Friday,July,2023,Q3,62618,48568,45015,17603,28.11,47391080,14357152
2023-07-08,Saturday,July,2023,Q3,47923,50670,44757,3166,6.61,47439003,14360318
2023-07-09,Sunday,July,2023,Q3,34601,31851,42760,-8159,-23.58,47473604,14352159
2023-07-10,Monday,July,2023,Q3,75900,79973,43981,31919,42.05,47549504,14384078
2023-07-11,Tuesday,July,2023,Q3,63863,54176,53860,10003,15.66,47613367,14394081
2023-07-12,Wednesday,July,2023,Q3,75755,61849,44264,31491,41.57,47689122,14425572
2023-07-13,Thursday,July,2023,Q3,74681,81005,43550,31131,41.69,47763803,14456703
2023-07-14,Friday,July,2023,Q3,74806,59897,39617,35189,47.04,47838609,14491892
2023-07-15,Saturday,July,2023,Q3,41218,35609,41325,-107,-0.26,47879827,14491785
2023-07-16,Sunday,July,2023,Q3,37979,30060,37372,607,1.6,47917806,14492392
2023-07-17,Monday,July,2023,Q3,62006,56810,38850,23156,37.34,47979812,14515548
2023-07-18,Tuesday,July,2023,Q3,79824,83003,38147,41677,52.21,48059636,14557225
2023-07-19,Wednesday,July,2023,Q3,57406,68580,41717,15689,27.33,48117042,14572914
2023-07-20,Thursday,July,2023,Q3,79858,76140,38026,41832,52.38,48196900,14614746
2023-07-21,Friday,July,2023,Q3,64042,56772,41738,22304,34.83,48260942,14637050
2023-07-22,Saturday,July,2023,Q3,35830,39703,40284,-4454,-12.43,48296772,14632596
2023-07-23,Sunday,July,2023,Q3,51250,61749,43920,7330,14.3,48348022,14639926
2023-07-24,Monday,July,2023,Q3,70476,71879,37289,33187,47.09,48418498,14673113
2023-07-25,Tuesday,July,2023,Q3,81332,94695,38163,43169,53.08,48499830,14716282
2023-07-26,Wednesday,July,2023,Q3,67615,58274,41906,25709,38.02,48567445,14741991
2023-07-27,Thursday,July,2023,Q3,60186,49596,38149,22037,36.61,48627631,14764028
2023-07-28,Friday,July,2023,Q3,59226,52662,41603,17623,29.76,48686857,14781651
2023-07-29,Saturday,July,2023,Q3,49736,42636,38720,11016,22.15,48736593,14792667
2023-07-30,Sunday,July,2023,Q3,37751,41798,41646,-3895,-10.32,48774344,14788772
2023-07-31,Monday,July,2023,Q3,63382,64026,39913,23469,37.03,48837726,14812241
2023-08-01,Tuesday,August,2023,Q3,67455,60235,37117,30338,44.98,48905181,14842579
2023-08-02,Wednesday,August,2023,Q3,60377,59057,43082,17295,28.65,48965558,14859874
2023-08-03,Thursday,August,2023,Q3,61684,72073,44271,17413,28.23,49027242,14877287
2023-08-04,Friday,August,2023,Q3,63769,61650,43916,19853,31.13,49091011,14897140
2023-08-05,Saturday,August,2023,Q3,42261,33809,44001,-1740,-4.12,49133272,14895400
2023-08-06,Sunday,August,2023,Q3,38136,46649,44338,-6202,-16.26,49171408,14889198
2023-08-07,Monday,August,2023,Q3,58464,71585,40984,17480,29.9,49229872,14906678
2023-08-08,Tuesday,August,2023,Q3,80357,83193,40911,39446,49.09,49310229,14946124
2023-08-09,Wednesday,August,2023,Q3,77024,72056,39790,37234,48.34,49387253,14983358
2023-08-10,Thursday,August,2023,Q3,57655,59471,40616,17039,29.55,49444908,15000397
2023-08-11,Friday,August,2023,Q3,85125,80859,42613,42512,49.94,49530033,15042909
2023-08-12,Saturday,August,2023,Q3,45076,46321,41992,3084,6.84,49575109,15045993
2023-08-13,Sunday,August,2023,Q3,43430,40905,42572,858,1.98,49618539,15046851
2023-08-14,Monday,August,2023,Q3,63124,68603,39604,23520,37.26,49681663,15070371
2023-08-15,Tuesday,August,2023,Q3,83226,75169,39991,43235,51.95,49764889,15113606
2023-08-16,Wednesday,August,2023,Q3,67679,73159,41447,26232,38.76,49832568,15139838
2023-08-17,Thursday,August,2023,Q3,66778,68847,42894,23884,35.77,49899346,15163722
2023-08-18,Friday,August,2023,Q3,77301,87350,39479,37822,48.93,49976647,15201544
2023-08-19,Saturday,August,2023,Q3,41577,33732,40560,1017,2.45,50018224,15202561
2023-08-20,Sunday,August,2023,Q3,42388,44325,44221,-1833,-4.32,50060612,15200728
2023-08-21,Monday,August,2023,Q3,76456,86302,44087,32369,42.34,50137068,15233097
2023-08-22,Tuesday,August,2023,Q3,59697,55253,44703,14994,25.12,50196765,15248091
2023-08-23,Wednesday,August,2023,Q3,60403,50083,38527,21876,36.22,50257168,15269967
2023-08-24,Thursday,August,2023,Q3,69112,77355,40736,28376,41.06,50326280,15298343
2023-08-25,Friday,August,2023,Q3,57814,48203,43423,14391,24.89,50384094,15312734
2023-08-26,Saturday,August,2023,Q3,40083,41988,43299,-3216,-8.02,50424177,15309518
2023-08-27,Sunday,August,2023,Q3,43417,44072,41500,1917,4.42,50467594,15311435
2023-08-28,Monday,August,2023,Q3,79773,70144,39214,40559,50.84,50547367,15351994
2023-08-29,Tuesday,August,2023,Q3,65333,78171,38171,27162,41.57,50612700,15379156
2023-08-30,Wednesday,August,2023,Q3,62215,70121,43361,18854,30.3,50674915,15398010
2023-08-31,Thursday,August,2023,Q3,85621,87652,39882,45739,53.42,50760536,15443749
2023-09-01,Friday,September,2023,Q3,69304,79649,40527,28777,41.52,50829840,15472526
2023-09-02,Saturday,September,2023,Q3,33095,27961,43149,-10054,-30.38,50862935,15462472
2023-09-03,Sunday,September,2023,Q3,33634,40143,41010,-7376,-21.93,50896569,15455096
2023-09-04,Monday,September,2023,Q3,75295,91711,44996,30299,40.24,50971864,15485395
2023-09-05,Tuesday,September,2023,Q3,70942,81587,37774,33168,46.75,51042806,15518563
2023-09-06,Wednesday,September,2023,Q3,69628,56155,41912,27716,39.81,51112434,15546279
2023-09-07,Thursday,September,2023,Q3,60485,61177,41166,19319,31.94,51172919,15565598
2023-09-08,Friday,September,2023,Q3,57088,49241,42400,14688,25.73,51230007,15580286
2023-09-09,Saturday,September,2023,Q3,37353,37594,41044,-3691,-9.88,51267360,15576595
2023-09-10,Sunday,September,2023,Q3,37401,40337,72621,-35220,-94.17,51304761,15541375
2023-09-11,Monday,September,2023,Q3,77415,85335,42816,34599,44.69,51382176,15575974
2023-09-12,Tuesday,September,2023,Q3,72895,68771,44802,28093,38.54,51455071,15604067
2023-09-13,Wednesday,September,2023,Q3,55628,55185,38556,17072,30.69,51510699,15621139
2023-09-14,Thursday,September,2023,Q3,77652,67127,43047,34605,44.56,51588351,15655744
2023-09-15,Friday,September,2023,Q3,75774,73591,42671,33103,43.69,51664125,15688847
2023-09-16,Saturday,September,2023,Q3,34101,32663,37200,-3099,-9.09,51698226,15685748
2023-09-17,Sunday,September,2023,Q3,35941,36658,64288,-28347,-78.87,51734167,15657401
2023-09-18,Monday,September,2023,Q3,68654,69683,42308,26346,38.38,51802821,15683747
2023-09-19,Tuesday,September,2023,Q3,75576,76182,43118,32458,42.95,51878397,15716205
2023-09-20,Wednesday,September,2023,Q3,67571,63710,40426,27145,40.17,51945968,15743350
2023-09-21,Thursday,September,2023,Q3,77330,86069,69866,7464,9.65,52023298,15750814
2023-09-22,Friday,September,2023,Q3,53521,51539,37964,15557,29.07,52076819,15766371
2023-09-23,Saturday,September,2023,Q3,37744,43332,39228,-1484,-3.93,52114563,15764887
2023-09-24,Sunday,September,2023,Q3,39216,42020,37629,1587,4.05,52153779,15766474
2023-09-25,Monday,September,2023,Q3,74683,86008,39320,35363,47.35,52228462,15801837
2023-09-26,Tuesday,September,2023,Q3,54491,58053,36960,17531,32.17,52282953,15819368
2023-09-27,Wednesday,September,2023,Q3,64607,62964,37693,26914,41.66,52347560,15846282
2023-09-28,Thursday,September,2023,Q3,56898,66682,43664,13234,23.26,52404458,15859516
2023-09-29,Friday,September,2023,Q3,66328,70305,40626,25702,38.75,52470786,15885218
2023-09-30,Saturday,September,2023,Q3,45605,44379,39824,5781,12.68,52516391,15890999
2023-10-01,Sunday,October,2023,Q4,40523,44088,42669,-2146,-5.3,52556914,15888853
2023-10-02,Monday,October,2023,Q4,57781,63666,38710,19071,33.01,52614695,15907924
2023-10-03,Tuesday,October,2023,Q4,54043,59820,37491,16552,30.63,52668738,15924476
2023-10-04,Wednesday,October,2023,Q4,53105,46086,41060,12045,22.68,52721843,15936521
2023-10-05,Thursday,October,2023,Q4,58578,49226,43034,15544,26.54,52780421,15952065
2023-10-06,Friday,October,2023,Q4,57340,64443,39734,17606,30.7,52837761,15969671
2023-10-07,Saturday,October,2023,Q4,45892,53306,38169,7723,16.83,52883653,15977394
2023-10-08,Sunday,October,2023,Q4,34972,34513,65810,-30838,-88.18,52918625,15946556
2023-10-09,Monday,October,2023,Q4,77070,68652,36890,40180,52.13,52995695,15986736
2023-10-10,Tuesday,October,2023,Q4,75932,86382,42572,33360,43.93,53071627,16020096
2023-10-11,Wednesday,October,2023,Q4,54790,65116,40328,14462,26.4,53126417,16034558
2023-10-12,Thursday,October,2023,Q4,71796,66235,41111,30685,42.74,53198213,16065243
2023-10-13,Friday,October,2023,Q4,59495,62075,40898,18597,31.26,53257708,16083840
2023-10-14,Saturday,October,2023,Q4,42684,47442,38704,3980,9.32,53300392,16087820
2023-10-15,Sunday,October,2023,Q4,37876,44989,43426,-5550,-14.65,53338268,16082270
2023-10-16,Monday,October,2023,Q4,52332,56940,40101,12231,23.37,53390600,16094501
2023-10-17,Tuesday,October,2023,Q4,55099,53810,44861,10238,18.58,53445699,16104739
2023-10-18,Wednesday,October,2023,Q4,56386,51707,38495,17891,31.73,53502085,16122630
2023-10-19,Thursday,October,2023,Q4,58054,56300,43118,14936,25.73,53560139,16137566
2023-10-20,Friday,October,2023,Q4,71663,83849,39771,31892,44.5,53631802,16169458
2023-10-21,Saturday,October,2023,Q4,46605,45166,40578,6027,12.93,53678407,16175485
2023-10-22,Sunday,October,2023,Q4,34800,39032,42897,-8097,-23.27,53713207,16167388
2023-10-23,Monday,October,2023,Q4,52695,46411,39532,13163,24.98,53765902,16180551
2023-10-24,Tuesday,October,2023,Q4,71764,76540,40886,30878,43.03,53837666,16211429
2023-10-25,Wednesday,October,2023,Q4,64945,65345,43484,21461,33.04,53902611,16232890
2023-10-26,Thursday,October,2023,Q4,71863,89236,37830,34033,47.36,53974474,16266923
2023-10-27,Friday,October,2023,Q4,63506,50047,42255,21251,33.46,54037980,16288174
2023-10-28,Saturday,October,2023,Q4,33760,32208,40041,-6281,-18.6,54071740,16281893
2023-10-29,Sunday,October,2023,Q4,38852,39844,40702,-1850,-4.76,54110592,16280043
2023-10-30,Monday,October,2023,Q4,53449,48830,39949,13500,25.26,54164041,16293543
2023-10-31,Tuesday,October,2023,Q4,59395,49418,37904,21491,36.18,54223436,16315034
2023-11-01,Wednesday,November,2023,Q4,87338,97811,39971,47367,54.23,54310774,16362401
2023-11-02,Thursday,November,2023,Q4,81523,65343,38776,42747,52.44,54392297,16405148
2023-11-03,Friday,November,2023,Q4,90854,100242,38245,52609,57.9,54483151,16457757
2023-11-04,Saturday,November,2023,Q4,53899,52304,40304,13595,25.22,54537050,16471352
2023-11-05,Sunday,November,2023,Q4,41010,38267,39495,1515,3.69,54578060,16472867
2023-11-06,Monday,November,2023,Q4,90951,80225,43500,47451,52.17,54669011,16520318
2023-11-07,Tuesday,November,2023,Q4,77723,89563,42059,35664,45.89,54746734,16555982
2023-11-08,Wednesday,November,2023,Q4,96341,83318,39290,57051,59.22,54843075,16613033
2023-11-09,Thursday,November,2023,Q4,88710,107244,41590,47120,53.12,54931785,16660153
2023-11-10,Friday,November,2023,Q4,86745,87182,39699,47046,54.23,55018530,16707199
2023-11-11,Saturday,November,2023,Q4,50794,47492,39421,11373,22.39,55069324,16718572
2023-11-12,Sunday,November,2023,Q4,51011,54770,44069,6942,13.61,55120335,16725514
2023-11-13,Monday,November,2023,Q4,73905,75069,43602,30303,41.0,55194240,16755817
2023-11-14,Tuesday,November,2023,Q4,89161,103712,44281,44880,50.34,55283401,16800697
2023-11-15,Wednesday,November,2023,Q4,69624,61057,38823,30801,44.24,55353025,16831498
2023-11-16,Thursday,November,2023,Q4,96131,96018,44317,51814,53.9,55449156,16883312
2023-11-17,Friday,November,2023,Q4,76622,67716,42480,34142,44.56,55525778,16917454
2023-11-18,Saturday,November,2023,Q4,43601,36414,39398,4203,9.64,55569379,16921657
2023-11-19,Sunday,November,2023,Q4,49118,55386,39088,10030,20.42,55618497,16931687
2023-11-20,Monday,November,2023,Q4,76988,79682,37200,39788,51.68,55695485,16971475
2023-11-21,Tuesday,November,2023,Q4,69470,78990,39295,30175,43.44,55764955,17001650
2023-11-22,Wednesday,November,2023,Q4,97910,108669,40105,57805,59.04,55862865,17059455
2023-11-23,Thursday,November,2023,Q4,75578,77725,37843,37735,49.93,55938443,17097190
2023-11-24,Friday,November,2023,Q4,93798,94712,37594,56204,59.92,56032241,17153394
2023-11-25,Saturday,November,2023,Q4,46915,54412,43454,3461,7.38,56079156,17156855
2023-11-26,Sunday,November,2023,Q4,44981,36822,39103,5878,13.07,56124137,17162733
2023-11-27,Monday,November,2023,Q4,69490,71826,37780,31710,45.63,56193627,17194443
2023-11-28,Tuesday,November,2023,Q4,75926,71142,38041,37885,49.9,56269553,17232328
2023-11-29,Wednesday,November,2023,Q4,78016,85898,37140,40876,52.39,56347569,17273204
2023-11-30,Thursday,November,2023,Q4,69447,82434,38926,30521,43.95,56417016,17303725
2023-12-01,Friday,December,2023,Q4,91280,107963,41235,50045,54.83,56508296,17353770
2023-12-02,Saturday,December,2023,Q4,40719,50285,44372,-3653,-8.97,56549015,17350117
2023-12-03,Sunday,December,2023,Q4,55905,53221,38167,17738,31.73,56604920,17367855
2023-12-04,Monday,December,2023,Q4,95053,103453,39099,55954,58.87,56699973,17423809
2023-12-05,Tuesday,December,2023,Q4,84219,96133,39579,44640,53.0,56784192,17468449
2023-12-06,Wednesday,December,2023,Q4,70993,59881,37398,33595,47.32,56855185,17502044
2023-12-07,Thursday,December,2023,Q4,86113,81710,43095,43018,49.96,56941298,17545062
2023-12-08,Friday,December,2023,Q4,82587,82912,38493,44094,53.39,57023885,17589156
2023-12-09,Saturday,December,2023,Q4,42807,39342,43141,-334,-0.78,57066692,17588822
2023-12-10,Sunday,December,2023,Q4,52606,52947,40552,12054,22.91,57119298,17600876
2023-12-11,Monday,December,2023,Q4,73463,74882,39162,34301,46.69,57192761,17635177
2023-12-12,Tuesday,December,2023,Q4,80900,79504,41526,39374,48.67,57273661,17674551
2023-12-13,Wednesday,December,2023,Q4,86478,87901,37583,48895,56.54,57360139,17723446
2023-12-14,Thursday,December,2023,Q4,96391,79964,41772,54619,56.66,57456530,17778065
2023-12-15,Friday,December,2023,Q4,73350,71663,41161,32189,43.88,57529880,17810254
2023-12-16,Saturday,December,2023,Q4,57336,55625,38518,18818,32.82,57587216,17829072
2023-12-17,Sunday,December,2023,Q4,45958,49893,40387,5571,12.12,57633174,17834643
2023-12-18,Monday,December,2023,Q4,95454,100876,38332,57122,59.84,57728628,17891765
2023-12-19,Tuesday,December,2023,Q4,100593,89508,38888,61705,61.34,57829221,17953470
2023-12-20,Wednesday,December,2023,Q4,70497,72205,44835,25662,36.4,57899718,17979132
2023-12-21,Thursday,December,2023,Q4,80562,78849,37453,43109,53.51,57980280,18022241
2023-12-22,Friday,December,2023,Q4,99069,96490,41821,57248,57.79,58079349,18079489
2023-12-23,Saturday,December,2023,Q4,54949,58704,40987,13962,25.41,58134298,18093451
2023-12-24,Sunday,December,2023,Q4,54173,48016,37191,16982,31.35,58188471,18110433
2023-12-25,Monday,December,2023,Q4,84257,78585,37589,46668,55.39,58272728,18157101
2023-12-26,Tuesday,December,2023,Q4,76401,74077,40943,35458,46.41,58349129,18192559
2023-12-27,Wednesday,December,2023,Q4,79788,80680,39010,40778,51.11,58428917,18233337
2023-12-28,Thursday,December,2023,Q4,85073,80110,42889,42184,49.59,58513990,18275521
2023-12-29,Friday,December,2023,Q4,86381,102371,40458,45923,53.16,58600371,18321444
2023-12-30,Saturday,December,2023,Q4,44274,42275,40680,3594,8.12,58644645,18325038
2023-12-31,Sunday,December,2023,Q4,50596,51827,41448,9148,18.08,58695241,18334186
2024-01-01,Monday,January,2024,Q1,63098,53399,42968,20130,31.9,58758339,18354316
2024-01-02,Tuesday,January,2024,Q1,63798,72485,47165,16633,26.07,58822137,18370949
2024-01-03,Wednesday,January,2024,Q1,46495,49814,49515,-3020,-6.5,58868632,18367929
2024-01-04,Thursday,January,2024,Q1,48587,44280,50071,-1484,-3.05,58917219,18366445
2024-01-05,Friday,January,2024,Q1,67956,56237,41371,26585,39.12,58985175,18393030
2024-01-06,Saturday,January,2024,Q1,34519,35454,47118,-12599,-36.5,59019694,18380431
2024-01-07,Sunday,January,2024,Q1,36503,37420,50240,-13737,-37.63,59056197,18366694
2024-01-08,Monday,January,2024,Q1,49400,58284,43692,5708,11.55,59105597,18372402
2024-01-09,Tuesday,January,2024,Q1,59094,59005,43438,15656,26.49,59164691,18388058
2024-01-10,Wednesday,January,2024,Q1,55654,43667,44656,10998,19.76,59220345,18399056
2024-01-11,Thursday,January,2024,Q1,68542,57869,48425,20117,29.35,59288887,18419173
2024-01-12,Friday,January,2024,Q1,67366,69166,41985,25381,37.68,59356253,18444554
2024-01-13,Saturday,January,2024,Q1,34040,31763,46591,-12551,-36.87,59390293,18432003
2024-01-14,Sunday,January,2024,Q1,32965,29206,41956,-8991,-27.27,59423258,18423012
2024-01-15,Monday,January,2024,Q1,62093,67164,49609,12484,20.11,59485351,18435496
2024-01-16,Tuesday,January,2024,Q1,48348,45724,48429,-81,-0.17,59533699,18435415
2024-01-17,Wednesday,January,2024,Q1,62276,55863,45014,17262,27.72,59595975,18452677
2024-01-18,Thursday,January,2024,Q1,67681,68116,44880,22801,33.69,59663656,18475478
2024-01-19,Friday,January,2024,Q1,65257,62010,88464,-23207,-35.56,59728913,18452271
2024-01-20,Saturday,January,2024,Q1,30376,27863,49116,-18740,-61.69,59759289,18433531
2024-01-21,Sunday,January,2024,Q1,34173,36952,43528,-9355,-27.38,59793462,18424176
2024-01-22,Monday,January,2024,Q1,50742,45445,46625,4117,8.11,59844204,18428293
2024-01-23,Tuesday,January,2024,Q1,58797,45366,42676,16121,27.42,59903001,18444414
2024-01-24,Wednesday,January,2024,Q1,66555,79760,45553,21002,31.56,59969556,18465416
2024-01-25,Thursday,January,2024,Q1,54768,59690,44715,10053,18.36,60024324,18475469
2024-01-26,Friday,January,2024,Q1,46721,37557,49973,-3252,-6.96,60071045,18472217
2024-01-27,Saturday,January,2024,Q1,36868,38825,46826,-9958,-27.01,60107913,18462259
2024-01-28,Sunday,January,2024,Q1,32028,31477,41306,-9278,-28.97,60139941,18452981
2024-01-29,Monday,January,2024,Q1,62700,74121,48961,13739,21.91,60202641,18466720
2024-01-30,Tuesday,January,2024,Q1,59610,64535,41179,18431,30.92,60262251,18485151
2024-01-31,Wednesday,January,2024,Q1,69124,80630,46550,22574,32.66,60331375,18507725
2024-02-01,Thursday,February,2024,Q1,57709,57910,46693,11016,19.09,60389084,18518741
2024-02-02,Friday,February,2024,Q1,57719,62843,44962,12757,22.1,60446803,18531498
2024-02-03,Saturday,February,2024,Q1,40268,38829,45627,-5359,-13.31,60487071,18526139
2024-02-04,Sunday,February,2024,Q1,37549,29708,42863,-5314,-14.15,60524620,18520825
2024-02-05,Monday,February,2024,Q1,51497,58959,46607,4890,9.5,60576117,18525715
2024-02-06,Tuesday,February,2024,Q1,49442,46314,49875,-433,-0.88,60625559,18525282
2024-02-07,Wednesday,February,2024,Q1,63442,73079,48822,14620,23.04,60689001,18539902
2024-02-08,Thursday,February,2024,Q1,63782,65520,42929,20853,32.69,60752783,18560755
2024-02-09,Friday,February,2024,Q1,56050,65802,43020,13030,23.25,60808833,18573785
2024-02-10,Saturday,February,2024,Q1,40102,36518,48670,-8568,-21.37,60848935,18565217
2024-02-11,Sunday,February,2024,Q1,28726,28257,42209,-13483,-46.94,60877661,18551734
2024-02-12,Monday,February,2024,Q1,54295,48832,49125,5170,9.52,60931956,18556904
2024-02-13,Tuesday,February,2024,Q1,62411,63859,47560,14851,23.8,60994367,18571755
2024-02-14,Wednesday,February,2024,Q1,57005,62273,42074,14931,26.19,61051372,18586686
2024-02-15,Thursday,February,2024,Q1,68379,73692,42070,26309,38.48,61119751,18612995
2024-02-16,Friday,February,2024,Q1,67534,57057,45140,22394,33.16,61187285,18635389
2024-02-17,Saturday,February,2024,Q1,29222,30429,42366,-13144,-44.98,61216507,18622245
2024-02-18,Sunday,February,2024,Q1,33627,36297,48499,-14872,-44.23,61250134,18607373
2024-02-19,Monday,February,2024,Q1,48377,47078,44401,3976,8.22,61298511,18611349
2024-02-20,Tuesday,February,2024,Q1,63881,60198,48431,15450,24.19,61362392,18626799
2024-02-21,Wednesday,February,2024,Q1,57043,67000,44412,12631,22.14,61419435,18639430
2024-02-22,Thursday,February,2024,Q1,46630,54664,41881,4749,10.18,61466065,18644179
2024-02-23,Friday,February,2024,Q1,50212,42477,47138,3074,6.12,61516277,18647253
2024-02-24,Saturday,February,2024,Q1,28644,30795,47139,-18495,-64.57,61544921,18628758
2024-02-25,Sunday,February,2024,Q1,33435,36046,43887,-10452,-31.26,61578356,18618306
2024-02-26,Monday,February,2024,Q1,46583,42597,49515,-2932,-6.29,61624939,18615374
2024-02-27,Tuesday,February,2024,Q1,51159,53569,47063,4096,8.01,61676098,18619470
2024-02-28,Wednesday,February,2024,Q1,64532,60188,43861,20671,32.03,61740630,18640141
2024-02-29,Thursday,February,2024,Q1,63222,66701,50168,13054,20.65,61803852,18653195
2024-03-01,Friday,March,2024,Q1,74001,76550,42569,31432,42.48,61877853,18684627
2024-03-02,Saturday,March,2024,Q1,45109,41550,47744,-2635,-5.84,61922962,18681992
2024-03-03,Sunday,March,2024,Q1,35843,34453,44345,-8502,-23.72,61958805,18673490
2024-03-04,Monday,March,2024,Q1,61617,57978,45246,16371,26.57,62020422,18689861
2024-03-05,Tuesday,March,2024,Q1,86681,92463,46841,39840,45.96,62107103,18729701
2024-03-06,Wednesday,March,2024,Q1,68159,64058,47637,20522,30.11,62175262,18750223
2024-03-07,Thursday,March,2024,Q1,73070,64562,46427,26643,36.46,62248332,18776866
2024-03-08,Friday,March,2024,Q1,60841,68158,41856,18985,31.2,62309173,18795851
2024-03-09,Saturday,March,2024,Q1,43086,41607,45914,-2828,-6.56,62352259,18793023
2024-03-10,Sunday,March,2024,Q1,41669,37725,44975,-3306,-7.93,62393928,18789717
2024-03-11,Monday,March,2024,Q1,72196,88643,42426,29770,41.23,62466124,18819487
2024-03-12,Tuesday,March,2024,Q1,61752,69230,42185,19567,31.69,62527876,18839054
2024-03-13,Wednesday,March,2024,Q1,79648,92570,49802,29846,37.47,62607524,18868900
2024-03-14,Thursday,March,2024,Q1,61505,60361,42507,18998,30.89,62669029,18887898
2024-03-15,Friday,March,2024,Q1,66794,68352,42405,24389,36.51,62735823,18912287
2024-03-16,Saturday,March,2024,Q1,50360,56541,48590,1770,3.51,62786183,18914057
2024-03-17,Sunday,March,2024,Q1,40866,46534,46342,-5476,-13.4,62827049,18908581
2024-03-18,Monday,March,2024,Q1,80659,81616,46640,34019,42.18,62907708,18942600
2024-03-19,Tuesday,March,2024,Q1,71367,69581,49021,22346,31.31,62979075,18964946
2024-03-20,Wednesday,March,2024,Q1,77270,72486,44719,32551,42.13,63056345,18997497
2024-03-21,Thursday,March,2024,Q1,83811,93058,49017,34794,41.51,63140156,19032291
2024-03-22,Friday,March,2024,Q1,81088,88351,42238,38850,47.91,63221244,19071141
2024-03-23,Saturday,March,2024,Q1,45565,44865,46316,-751,-1.65,63266809,19070390
2024-03-24,Sunday,March,2024,Q1,50405,44613,66236,-15831,-31.41,63317214,19054559
2024-03-25,Monday,March,2024,Q1,78462,90123,48478,29984,38.21,63395676,19084543
2024-03-26,Tuesday,March,2024,Q1,59304,64654,45099,14205,23.95,63454980,19098748
2024-03-27,Wednesday,March,2024,Q1,67204,58338,42014,25190,37.48,63522184,19123938
2024-03-28,Thursday,March,2024,Q1,65411,53617,44827,20584,31.47,63587595,19144522
2024-03-29,Friday,March,2024,Q1,67433,52265,44669,22764,33.76,63655028,19167286
2024-03-30,Saturday,March,2024,Q1,40441,39686,42212,-1771,-4.38,63695469,19165515
2024-03-31,Sunday,March,2024,Q1,44996,46002,44624,372,0.83,63740465,19165887
2024-04-01,Monday,April,2024,Q2,71479,68713,44829,26650,37.28,63811944,19192537
2024-04-02,Tuesday,April,2024,Q2,65805,79370,43357,22448,34.11,63877749,19214985
2024-04-03,Wednesday,April,2024,Q2,66833,61662,46915,19918,29.8,63944582,19234903
2024-04-04,Thursday,April,2024,Q2,68825,84503,46017,22808,33.14,64013407,19257711
2024-04-05,Friday,April,2024,Q2,71100,56707,48683,22417,31.53,64084507,19280128
2024-04-06,Saturday,April,2024,Q2,34809,40772,46569,-11760,-33.78,64119316,19268368
2024-04-07,Sunday,April,2024,Q2,40914,43444,45769,-4855,-11.87,64160230,19263513
2024-04-08,Monday,April,2024,Q2,74329,67685,42230,32099,43.19,64234559,19295612
2024-04-09,Tuesday,April,2024,Q2,66104,65015,49853,16251,24.58,64300663,19311863
2024-04-10,Wednesday,April,2024,Q2,67936,63003,45243,22693,33.4,64368599,19334556
2024-04-11,Thursday,April,2024,Q2,67907,67479,41252,26655,39.25,64436506,19361211
2024-04-12,Friday,April,2024,Q2,58059,59822,47252,10807,18.61,64494565,19372018
2024-04-13,Saturday,April,2024,Q2,47037,52173,48299,-1262,-2.68,64541602,19370756
2024-04-14,Sunday,April,2024,Q2,35338,40719,47248,-11910,-33.7,64576940,19358846
2024-04-15,Monday,April,2024,Q2,128746,117510,48122,80624,62.62,64705686,19439470
2024-04-16,Tuesday,April,2024,Q2,85151,80944,41288,43863,51.51,64790837,19483333
2024-04-17,Wednesday,April,2024,Q2,68376,57809,43877,24499,35.83,64859213,19507832
2024-04-18,Thursday,April,2024,Q2,72320,66858,49370,22950,31.73,64931533,19530782
2024-04-19,Friday,April,2024,Q2,63686,71119,49054,14632,22.98,64995219,19545414
2024-04-20,Saturday,April,2024,Q2,44401,47550,47341,-2940,-6.62,65039620,19542474
2024-04-21,Sunday,April,2024,Q2,37031,29853,46313,-9282,-25.07,65076651,19533192
2024-04-22,Monday,April,2024,Q2,80685,71998,50168,30517,37.82,65157336,19563709
2024-04-23,Tuesday,April,2024,Q2,65334,66596,49675,15659,23.97,65222670,19579368
2024-04-24,Wednesday,April,2024,Q2,59504,69475,50197,9307,15.64,65282174,19588675
2024-04-25,Thursday,April,2024,Q2,71531,69317,49181,22350,31.25,65353705,19611025
2024-04-26,Friday,April,2024,Q2,70181,65343,42885,27296,38.89,65423886,19638321
2024-04-27,Saturday,April,2024,Q2,35241,40432,44979,-9738,-27.63,65459127,19628583
2024-04-28,Sunday,April,2024,Q2,37661,35249,41991,-4330,-11.5,65496788,19624253
2024-04-29,Monday,April,2024,Q2,75183,77672,43394,31789,42.28,65571971,19656042
2024-04-30,Tuesday,April,2024,Q2,67883,54856,48361,19522,28.76,65639854,19675564
2024-05-01,Wednesday,May,2024,Q2,75967,85044,46396,29571,38.93,65715821,19705135
2024-05-02,Thursday,May,2024,Q2,58966,56459,41701,17265,29.28,65774787,19722400
2024-05-03,Friday,May,2024,Q2,70815,66014,41708,29107,41.1,65845602,19751507
2024-05-04,Saturday,May,2024,Q2,39931,36500,47976,-8045,-20.15,65885533,19743462
2024-05-05,Sunday,May,2024,Q2,46279,36787,48371,-2092,-4.52,65931812,19741370
2024-05-06,Monday,May,2024,Q2,67848,81979,45255,22593,33.3,65999660,19763963
2024-05-07,Tuesday,May,2024,Q2,60977,60561,48318,12659,20.76,66060637,19776622
2024-05-08,Wednesday,May,2024,Q2,76483,68481,47726,28757,37.6,66137120,19805379
2024-05-09,Thursday,May,2024,Q2,81113,65593,45088,36025,44.41,66218233,19841404
2024-05-10,Friday,May,2024,Q2,67024,79482,42454,24570,36.66,66285257,19865974
2024-05-11,Saturday,May,2024,Q2,41217,33393,47303,-6086,-14.77,66326474,19859888
2024-05-12,Sunday,May,2024,Q2,49332,55970,42892,6440,13.05,66375806,19866328
2024-05-13,Monday,May,2024,Q2,80772,76922,47454,33318,41.25,66456578,19899646
2024-05-14,Tuesday,May,2024,Q2,67603,72951,46735,20868,30.87,66524181,19920514
2024-05-15,Wednesday,May,2024,Q2,71174,75771,67727,3447,4.84,66595355,19923961
2024-05-16,Thursday,May,2024,Q2,71529,63199,48126,23403,32.72,66666884,19947364
2024-05-17,Friday,May,2024,Q2,68901,68310,74622,-5721,-8.3,66735785,19941643
2024-05-18,Saturday,May,2024,Q2,36804,32690,46457,-9653,-26.23,66772589,19931990
2024-05-19,Sunday,May,2024,Q2,35316,30035,49195,-13879,-39.3,66807905,19918111
2024-05-20,Monday,May,2024,Q2,74080,61465,48807,25273,34.12,66881985,19943384
2024-05-21,Tuesday,May,2024,Q2,77646,76009,42121,35525,45.75,66959631,19978909
2024-05-22,Wednesday,May,2024,Q2,64964,74180,49705,15259,23.49,67024595,19994168
2024-05-23,Thursday,May,2024,Q2,83568,92034,42426,41142,49.23,67108163,20035310
2024-05-24,Friday,May,2024,Q2,63558,59701,46584,16974,26.71,67171721,20052284
2024-05-25,Saturday,May,2024,Q2,35603,36097,45999,-10396,-29.2,67207324,20041888
2024-05-26,Sunday,May,2024,Q2,35726,41439,48885,-13159,-36.83,67243050,20028729
2024-05-27,Monday,May,2024,Q2,64067,53183,47168,16899,26.38,67307117,20045628
2024-05-28,Tuesday,May,2024,Q2,79787,84494,45662,34125,42.77,67386904,20079753
2024-05-29,Wednesday,May,2024,Q2,68842,75798,45627,23215,33.72,67455746,20102968
2024-05-30,Thursday,May,2024,Q2,84714,83502,43112,41602,49.11,67540460,20144570
2024-05-31,Friday,May,2024,Q2,69481,66580,46326,23155,33.33,67609941,20167725
2024-06-01,Saturday,June,2024,Q2,48817,39943,45168,3649,7.47,67658758,20171374
2024-06-02,Sunday,June,2024,Q2,47184,49104,45378,1806,3.83,67705942,20173180
2024-06-03,Monday,June,2024,Q2,73912,68177,43243,30669,41.49,67779854,20203849
2024-06-04,Tuesday,June,2024,Q2,66429,75629,46987,19442,29.27,67846283,20223291
2024-06-05,Wednesday,June,2024,Q2,66939,52900,42937,24002,35.86,67913222,20247293
2024-06-06,Thursday,June,2024,Q2,73456,84246,43614,29842,40.63,67986678,20277135
2024-06-07,Friday,June,2024,Q2,95649,107830,79068,16581,17.34,68082327,20293716
2024-06-08,Saturday,June,2024,Q2,44914,56240,48615,-3701,-8.24,68127241,20290015
2024-06-09,Sunday,June,2024,Q2,50799,63483,49013,1786,3.52,68178040,20291801
2024-06-10,Monday,June,2024,Q2,70495,63534,46155,24340,34.53,68248535,20316141
2024-06-11,Tuesday,June,2024,Q2,74667,64452,45024,29643,39.7,68323202,20345784
2024-06-12,Wednesday,June,2024,Q2,77793,84604,42376,35417,45.53,68400995,20381201
2024-06-13,Thursday,June,2024,Q2,87335,88715,44347,42988,49.22,68488330,20424189
2024-06-14,Friday,June,2024,Q2,87808,98888,43844,43964,50.07,68576138,20468153
2024-06-15,Saturday,June,2024,Q2,38896,34869,50190,-11294,-29.04,68615034,20456859
2024-06-16,Sunday,June,2024,Q2,55769,56790,44590,11179,20.05,68670803,20468038
2024-06-17,Monday,June,2024,Q2,76127,74069,49894,26233,34.46,68746930,20494271
2024-06-18,Tuesday,June,2024,Q2,69268,71724,48657,20611,29.76,68816198,20514882
2024-06-19,Wednesday,June,2024,Q2,70148,80757,42988,27160,38.72,68886346,20542042
2024-06-20,Thursday,June,2024,Q2,78303,70561,44092,34211,43.69,68964649,20576253
2024-06-21,Friday,June,2024,Q2,95368,80557,47896,47472,49.78,69060017,20623725
2024-06-22,Saturday,June,2024,Q2,42232,47567,48578,-6346,-15.03,69102249,20617379
2024-06-23,Sunday,June,2024,Q2,49287,44194,47655,1632,3.31,69151536,20619011
2024-06-24,Monday,June,2024,Q2,95415,96373,46632,48783,51.13,69246951,20667794
2024-06-25,Tuesday,June,2024,Q2,81958,81356,41464,40494,49.41,69328909,20708288
2024-06-26,Wednesday,June,2024,Q2,93112,90400,48345,44767,48.08,69422021,20753055
2024-06-27,Thursday,June,2024,Q2,90910,85007,46750,44160,48.58,69512931,20797215
2024-06-28,Friday,June,2024,Q2,84824,87856,47489,37335,44.01,69597755,20834550
2024-06-29,Saturday,June,2024,Q2,41302,47801,47197,-5895,-14.27,69639057,20828655
2024-06-30,Sunday,June,2024,Q2,55548,64056,48067,7481,13.47,69694605,20836136
2024-07-01,Monday,July,2024,Q3,87897,90512,44853,43044,48.97,69782502,20879180
2024-07-02,Tuesday,July,2024,Q3,65223,53609,47279,17944,27.51,69847725,20897124
2024-07-03,Wednesday,July,2024,Q3,76539,64077,43396,33143,43.3,69924264,20930267
2024-07-04,Thursday,July,2024,Q3,85182,83639,41861,43321,50.86,70009446,20973588
2024-07-05,Friday,July,2024,Q3,77763,75156,42581,35182,45.24,70087209,21008770
2024-07-06,Saturday,July,2024,Q3,41672,36261,42646,-974,-2.34,70128881,21007796
2024-07-07,Sunday,July,2024,Q3,43510,41109,47633,-4123,-9.48,70172391,21003673
2024-07-08,Monday,July,2024,Q3,77901,64668,45883,32018,41.1,70250292,21035691
2024-07-09,Tuesday,July,2024,Q3,67079,71781,46572,20507,30.57,70317371,21056198
2024-07-10,Wednesday,July,2024,Q3,70235,65786,54765,15470,22.03,70387606,21071668
2024-07-11,Thursday,July,2024,Q3,74554,66477,43122,31432,42.16,70462160,21103100
2024-07-12,Friday,July,2024,Q3,90291,75689,44904,45387,50.27,70552451,21148487
2024-07-13,Saturday,July,2024,Q3,49037,41689,46055,2982,6.08,70601488,21151469
2024-07-14,Sunday,July,2024,Q3,42371,38636,44781,-2410,-5.69,70643859,21149059
2024-07-15,Monday,July,2024,Q3,78434,66860,47044,31390,40.02,70722293,21180449
2024-07-16,Tuesday,July,2024,Q3,70772,65797,50088,20684,29.23,70793065,21201133
2024-07-17,Wednesday,July,2024,Q3,95397,105196,49868,45529,47.73,70888462,21246662
2024-07-18,Thursday,July,2024,Q3,86012,96484,47444,38568,44.84,70974474,21285230
2024-07-19,Friday,July,2024,Q3,91998,88298,45511,46487,50.53,71066472,21331717
2024-07-20,Saturday,July,2024,Q3,49477,47811,43230,6247,12.63,71115949,21337964
2024-07-21,Sunday,July,2024,Q3,42732,46495,43928,-1196,-2.8,71158681,21336768
2024-07-22,Monday,July,2024,Q3,83570,67995,43817,39753,47.57,71242251,21376521
2024-07-23,Tuesday,July,2024,Q3,65009,76764,49748,15261,23.48,71307260,21391782
2024-07-24,Wednesday,July,2024,Q3,72672,78848,45865,26807,36.89,71379932,21418589
2024-07-25,Thursday,July,2024,Q3,73001,61142,44133,28868,39.54,71452933,21447457
2024-07-26,Friday,July,2024,Q3,92721,96353,47386,45335,48.89,71545654,21492792
2024-07-27,Saturday,July,2024,Q3,45581,42085,41162,4419,9.69,71591235,21497211
2024-07-28,Sunday,July,2024,Q3,41963,42633,42973,-1010,-2.41,71633198,21496201
2024-07-29,Monday,July,2024,Q3,90315,103121,41821,48494,53.69,71723513,21544695
2024-07-30,Tuesday,July,2024,Q3,86821,75440,43381,43440,50.03,71810334,21588135
2024-07-31,Wednesday,July,2024,Q3,84075,78551,41838,42237,50.24,71894409,21630372
2024-08-01,Thursday,August,2024,Q3,69151,67565,47821,21330,30.85,71963560,21651702
2024-08-02,Friday,August,2024,Q3,89114,71143,48909,40205,45.12,72052674,21691907
2024-08-03,Saturday,August,2024,Q3,49671,43742,43457,6214,12.51,72102345,21698121
2024-08-04,Sunday,August,2024,Q3,45460,45359,42355,3105,6.83,72147805,21701226
2024-08-05,Monday,August,2024,Q3,69849,56241,47733,22116,31.66,72217654,21723342
2024-08-06,Tuesday,August,2024,Q3,93795,110033,45579,48216,51.41,72311449,21771558
2024-08-07,Wednesday,August,2024,Q3,76840,65307,44622,32218,41.93,72388289,21803776
2024-08-08,Thursday,August,2024,Q3,77717,73004,47705,30012,38.62,72466006,21833788
2024-08-09,Friday,August,2024,Q3,85762,93897,49571,36191,42.2,72551768,21869979
2024-08-10,Saturday,August,2024,Q3,38940,44391,47286,-8346,-21.43,72590708,21861633
2024-08-11,Sunday,August,2024,Q3,43281,43279,43430,-149,-0.34,72633989,21861484
2024-08-12,Monday,August,2024,Q3,90644,74939,46994,43650,48.16,72724633,21905134
2024-08-13,Tuesday,August,2024,Q3,82498,95907,42832,39666,48.08,72807131,21944800
2024-08-14,Wednesday,August,2024,Q3,71866,69275,47122,24744,34.43,72878997,21969544
2024-08-15,Thursday,August,2024,Q3,76930,90527,41919,35011,45.51,72955927,22004555
2024-08-16,Friday,August,2024,Q3,74786,65692,49603,25183,33.67,73030713,22029738
2024-08-17,Saturday,August,2024,Q3,57171,61196,41745,15426,26.98,73087884,22045164
2024-08-18,Sunday,August,2024,Q3,50807,53713,44529,6278,12.36,73138691,22051442
2024-08-19,Monday,August,2024,Q3,69605,81686,48546,21059,30.26,73208296,22072501
2024-08-20,Tuesday,August,2024,Q3,69629,74997,49349,20280,29.13,73277925,22092781
2024-08-21,Wednesday,August,2024,Q3,83719,92847,43785,39934,47.7,73361644,22132715
2024-08-22,Thursday,August,2024,Q3,74714,77102,47253,27461,36.75,73436358,22160176
2024-08-23,Friday,August,2024,Q3,87782,71060,50129,37653,42.89,73524140,22197829
2024-08-24,Saturday,August,2024,Q3,38418,41948,48062,-9644,-25.1,73562558,22188185
2024-08-25,Sunday,August,2024,Q3,44730,42906,49239,-4509,-10.08,73607288,22183676
2024-08-26,Monday,August,2024,Q3,93817,98796,41630,52187,55.63,73701105,22235863
2024-08-27,Tuesday,August,2024,Q3,66995,67146,47732,19263,28.75,73768100,22255126
2024-08-28,Wednesday,August,2024,Q3,83000,93150,47495,35505,42.78,73851100,22290631
2024-08-29,Thursday,August,2024,Q3,83525,88612,44881,38644,46.27,73934625,22329275
2024-08-30,Friday,August,2024,Q3,94345,101012,44397,49948,52.94,74028970,22379223
2024-08-31,Saturday,August,2024,Q3,44510,43983,44763,-253,-0.57,74073480,22378970
2024-09-01,Sunday,September,2024,Q3,42245,51670,50122,-7877,-18.65,74115725,22371093
2024-09-02,Monday,September,2024,Q3,79294,70537,42415,36879,46.51,74195019,22407972
2024-09-03,Tuesday,September,2024,Q3,82847,79911,48386,34461,41.6,74277866,22442433
2024-09-04,Wednesday,September,2024,Q3,73913,82172,45184,28729,38.87,74351779,22471162
2024-09-05,Thursday,September,2024,Q3,64986,58946,47134,17852,27.47,74416765,22489014
2024-09-06,Friday,September,2024,Q3,78757,70972,49353,29404,37.34,74495522,22518418
2024-09-07,Saturday,September,2024,Q3,39282,40456,42232,-2950,-7.51,74534804,22515468
2024-09-08,Sunday,September,2024,Q3,47422,40413,49072,-1650,-3.48,74582226,22513818
2024-09-09,Monday,September,2024,Q3,75419,78781,47661,27758,36.81,74657645,22541576
2024-09-10,Tuesday,September,2024,Q3,76620,81313,48492,28128,36.71,74734265,22569704
2024-09-11,Wednesday,September,2024,Q3,60542,51809,49668,10874,17.96,74794807,22580578
2024-09-12,Thursday,September,2024,Q3,68664,81926,60432,8232,11.99,74863471,22588810
2024-09-13,Friday,September,2024,Q3,63505,60200,48153,15352,24.17,74926976,22604162
2024-09-14,Saturday,September,2024,Q3,36997,39778,82267,-45270,-122.36,74963973,22558892
2024-09-15,Sunday,September,2024,Q3,49000,43752,47319,1681,3.43,75012973,22560573
2024-09-16,Monday,September,2024,Q3,79664,93764,41421,38243,48.01,75092637,22598816
2024-09-17,Tuesday,September,2024,Q3,77969,73368,46350,31619,40.55,75170606,22630435
2024-09-18,Wednesday,September,2024,Q3,66453,75374,48508,17945,27.0,75237059,22648380
2024-09-19,Thursday,September,2024,Q3,82594,94281,47828,34766,42.09,75319653,22683146
2024-09-20,Friday,September,2024,Q3,82846,88565,48552,34294,41.39,75402499,22717440
2024-09-21,Saturday,September,2024,Q3,35175,33398,45432,-10257,-29.16,75437674,22707183
2024-09-22,Sunday,September,2024,Q3,36049,38462,49539,-13490,-37.42,75473723,22693693
2024-09-23,Monday,September,2024,Q3,60822,58172,49017,11805,19.41,75534545,22705498
2024-09-24,Tuesday,September,2024,Q3,66818,71498,45144,21674,32.44,75601363,22727172
2024-09-25,Wednesday,September,2024,Q3,64083,69696,47056,17027,26.57,75665446,22744199
2024-09-26,Thursday,September,2024,Q3,60956,70351,44547,16409,26.92,75726402,22760608
2024-09-27,Friday,September,2024,Q3,62878,50972,45436,17442,27.74,75789280,22778050
2024-09-28,Saturday,September,2024,Q3,43768,40669,42464,1304,2.98,75833048,22779354
2024-09-29,Sunday,September,2024,Q3,36867,34645,46553,-9686,-26.27,75869915,22769668
2024-09-30,Monday,September,2024,Q3,80499,97958,41926,38573,47.92,75950414,22808241
2024-10-01,Tuesday,October,2024,Q4,69080,72337,41213,27867,40.34,76019494,22836108
2024-10-02,Wednesday,October,2024,Q4,76600,86664,46468,30132,39.34,76096094,22866240
2024-10-03,Thursday,October,2024,Q4,78118,66056,44614,33504,42.89,76174212,22899744
2024-10-04,Friday,October,2024,Q4,66652,55670,47627,19025,28.54,76240864,22918769
2024-10-05,Saturday,October,2024,Q4,41852,44732,48575,-6723,-16.06,76282716,22912046
2024-10-06,Sunday,October,2024,Q4,35912,40913,48587,-12675,-35.29,76318628,22899371
2024-10-07,Monday,October,2024,Q4,99723,101989,48981,50742,50.88,76418351,22950113
2024-10-08,Tuesday,October,2024,Q4,67114,55153,47069,20045,29.87,76485465,22970158
2024-10-09,Wednesday,October,2024,Q4,79838,64074,43835,36003,45.1,76565303,23006161
2024-10-10,Thursday,October,2024,Q4,86335,89486,41529,44806,51.9,76651638,23050967
2024-10-11,Friday,October,2024,Q4,66508,64987,45587,20921,31.46,76718146,23071888
2024-10-12,Saturday,October,2024,Q4,52144,54416,47391,4753,9.12,76770290,23076641
2024-10-13,Sunday,October,2024,Q4,35439,31440,43073,-7634,-21.54,76805729,23069007
2024-10-14,Monday,October,2024,Q4,75161,70037,44962,30199,40.18,76880890,23099206
2024-10-15,Tuesday,October,2024,Q4,76843,66202,49737,27106,35.27,76957733,23126312
2024-10-16,Wednesday,October,2024,Q4,62154,55498,43568,18586,29.9,77019887,23144898
2024-10-17,Thursday,October,2024,Q4,78718,81914,45779,32939,41.84,77098605,23177837
2024-10-18,Friday,October,2024,Q4,67174,73999,49913,17261,25.7,77165779,23195098
2024-10-19,Saturday,October,2024,Q4,44047,46847,44116,-69,-0.16,77209826,23195029
2024-10-20,Sunday,October,2024,Q4,48338,42736,43607,4731,9.79,77258164,23199760
2024-10-21,Monday,October,2024,Q4,64444,78241,42235,22209,34.46,77322608,23221969
2024-10-22,Tuesday,October,2024,Q4,75075,80879,44294,30781,41.0,77397683,23252750
2024-10-23,Wednesday,October,2024,Q4,65860,52798,44012,21848,33.17,77463543,23274598
2024-10-24,Thursday,October,2024,Q4,81376,89680,46147,35229,43.29,77544919,23309827
2024-10-25,Friday,October,2024,Q4,75176,69198,47622,27554,36.65,77620095,23337381
2024-10-26,Saturday,October,2024,Q4,44675,42213,46946,-2271,-5.08,77664770,23335110
2024-10-27,Sunday,October,2024,Q4,46600,44885,45117,1483,3.18,77711370,23336593
2024-10-28,Monday,October,2024,Q4,66317,78484,47670,18647,28.12,77777687,23355240
2024-10-29,Tuesday,October,2024,Q4,76433,62564,48146,28287,37.01,77854120,23383527
2024-10-30,Wednesday,October,2024,Q4,60224,51768,46363,13861,23.02,77914344,23397388
2024-10-31,Thursday,October,2024,Q4,84958,90766,49771,35187,41.42,77999302,23432575
2024-11-01,Friday,November,2024,Q4,80543,81962,47289,33254,41.29,78079845,23465829
2024-11-02,Saturday,November,2024,Q4,45554,41231,41174,4380,9.61,78125399,23470209
2024-11-03,Sunday,November,2024,Q4,53045,64555,49515,3530,6.65,78178444,23473739
2024-11-04,Monday,November,2024,Q4,101189,82241,42647,58542,57.85,78279633,23532281
2024-11-05,Tuesday,November,2024,Q4,109473,93967,42325,67148,61.34,78389106,23599429
2024-11-06,Wednesday,November,2024,Q4,94080,85516,44194,49886,53.03,78483186,23649315
2024-11-07,Thursday,November,2024,Q4,183236,205063,45520,137716,75.16,78666422,23787031
2024-11-08,Friday,November,2024,Q4,90239,110036,49869,40370,44.74,78756661,23827401
2024-11-09,Saturday,November,2024,Q4,66399,79499,81801,-15402,-23.2,78823060,23811999
2024-11-10,Sunday,November,2024,Q4,53245,44372,42808,10437,19.6,78876305,23822436
2024-11-11,Monday,November,2024,Q4,93950,78456,42511,51439,54.75,78970255,23873875
2024-11-12,Tuesday,November,2024,Q4,81267,83993,44719,36548,44.97,79051522,23910423
2024-11-13,Wednesday,November,2024,Q4,82268,88899,45113,37155,45.16,79133790,23947578
2024-11-14,Thursday,November,2024,Q4,88735,85174,49059,39676,44.71,79222525,23987254
2024-11-15,Friday,November,2024,Q4,76917,75469,49338,27579,35.86,79299442,24014833
2024-11-16,Saturday,November,2024,Q4,56081,58387,44954,11127,19.84,79355523,24025960
2024-11-17,Sunday,November,2024,Q4,61397,58606,49162,12235,19.93,79416920,24038195
2024-11-18,Monday,November,2024,Q4,107183,98420,42092,65091,60.73,79524103,24103286
2024-11-19,Tuesday,November,2024,Q4,94250,101581,47303,46947,49.81,79618353,24150233
2024-11-20,Wednesday,November,2024,Q4,103201,98374,45546,57655,55.87,79721554,24207888
2024-11-21,Thursday,November,2024,Q4,81149,79471,48111,33038,40.71,79802703,24240926
2024-11-22,Friday,November,2024,Q4,84725,92707,47561,37164,43.86,79887428,24278090
2024-11-23,Saturday,November,2024,Q4,56602,51816,46508,10094,17.83,79944030,24288184
2024-11-24,Sunday,November,2024,Q4,48232,41254,49594,-1362,-2.82,79992262,24286822
2024-11-25,Monday,November,2024,Q4,78828,64069,43906,34922,44.3,80071090,24321744
2024-11-26,Tuesday,November,2024,Q4,88073,87426,46989,41084,46.65,80159163,24362828
2024-11-27,Wednesday,November,2024,Q4,85976,80190,44029,41947,48.79,80245139,24404775
2024-11-28,Thursday,November,2024,Q4,77365,82492,45419,31946,41.29,80322504,24436721
2024-11-29,Friday,November,2024,Q4,82368,95813,43887,38481,46.72,80404872,24475202
2024-11-30,Saturday,November,2024,Q4,57720,64961,47879,9841,17.05,80462592,24485043
2024-12-01,Sunday,December,2024,Q4,57202,55079,43026,14176,24.78,80519794,24499219
2024-12-02,Monday,December,2024,Q4,80319,84767,46465,33854,42.15,80600113,24533073
2024-12-03,Tuesday,December,2024,Q4,82579,93140,41791,40788,49.39,80682692,24573861
2024-12-04,Wednesday,December,2024,Q4,102745,119206,47691,55054,53.58,80785437,24628915
2024-12-05,Thursday,December,2024,Q4,96153,89901,48903,47250,49.14,80881590,24676165
2024-12-06,Friday,December,2024,Q4,109138,109211,49428,59710,54.71,80990728,24735875
2024-12-07,Saturday,December,2024,Q4,66306,63233,46580,19726,29.75,81057034,24755601
2024-12-08,Sunday,December,2024,Q4,46267,48889,47445,-1178,-2.55,81103301,24754423
2024-12-09,Monday,December,2024,Q4,101212,121681,42619,58593,57.89,81204513,24813016
2024-12-10,Tuesday,December,2024,Q4,104782,98326,42788,61994,59.16,81309295,24875010
2024-12-11,Wednesday,December,2024,Q4,101666,120487,45267,56399,55.47,81410961,24931409
2024-12-12,Thursday,December,2024,Q4,86838,78729,46151,40687,46.85,81497799,24972096
2024-12-13,Friday,December,2024,Q4,84380,66401,49179,35201,41.72,81582179,25007297
2024-12-14,Saturday,December,2024,Q4,93293,96133,48629,44664,47.87,81675472,25051961
2024-12-15,Sunday,December,2024,Q4,58928,53515,47551,11377,19.31,81734400,25063338
2024-12-16,Monday,December,2024,Q4,90794,93179,41630,49164,54.15,81825194,25112502
2024-12-17,Tuesday,December,2024,Q4,83666,96027,49983,33683,40.26,81908860,25146185
2024-12-18,Wednesday,December,2024,Q4,104737,111904,47920,56817,54.25,82013597,25203002
2024-12-19,Thursday,December,2024,Q4,108199,114591,48569,59630,55.11,82121796,25262632
2024-12-20,Friday,December,2024,Q4,97328,112072,42529,54799,56.3,82219124,25317431
2024-12-21,Saturday,December,2024,Q4,53578,59669,42765,10813,20.18,82272702,25328244
2024-12-22,Sunday,December,2024,Q4,49512,50456,47022,2490,5.03,82322214,25330734
2024-12-23,Monday,December,2024,Q4,82100,79473,41741,40359,49.16,82404314,25371093
2024-12-24,Tuesday,December,2024,Q4,109674,125100,45919,63755,58.13,82513988,25434848
2024-12-25,Wednesday,December,2024,Q4,98144,88875,48658,49486,50.42,82612132,25484334
2024-12-26,Thursday,December,2024,Q4,77048,66406,42410,34638,44.96,82689180,25518972
2024-12-27,Friday,December,2024,Q4,111831,127093,47832,63999,57.23,82801011,25582971
2024-12-28,Saturday,December,2024,Q4,49816,49736,45166,4650,9.33,82850827,25587621
2024-12-29,Sunday,December,2024,Q4,48735,40846,46839,1896,3.89,82899562,25589517
2024-12-30,Monday,December,2024,Q4,79276,72914,48748,30528,38.51,82978838,25620045
2024-12-31,Tuesday,December,2024,Q4,76304,71467,47094,29210,38.28,83055142,25649255
2025-01-01,Wednesday,January,2025,Q1,61049,72705,46493,14556,23.84,83116191,25663811
2025-01-02,Thursday,January,2025,Q1,53804,62706,51566,2238,4.16,83169995,25666049
2025-01-03,Friday,January,2025,Q1,74748,87480,47154,27594,36.92,83244743,25693643
2025-01-04,Saturday,January,2025,Q1,41156,35989,48399,-7243,-17.6,83285899,25686400
2025-01-05,Sunday,January,2025,Q1,32316,38306,54763,-22447,-69.46,83318215,25663953
2025-01-06,Monday,January,2025,Q1,53155,44414,46858,6297,11.85,83371370,25670250
2025-01-07,Tuesday,January,2025,Q1,61199,68519,50182,11017,18.0,83432569,25681267
2025-01-08,Wednesday,January,2025,Q1,75765,66223,55387,20378,26.9,83508334,25701645
2025-01-09,Thursday,January,2025,Q1,59374,58678,49532,9842,16.58,83567708,25711487
2025-01-10,Friday,January,2025,Q1,71734,74216,49580,22154,30.88,83639442,25733641
2025-01-11,Saturday,January,2025,Q1,38898,43392,51216,-12318,-31.67,83678340,25721323
2025-01-12,Sunday,January,2025,Q1,41372,46404,58854,-17482,-42.26,83719712,25703841
2025-01-13,Monday,January,2025,Q1,63332,51942,54546,8786,13.87,83783044,25712627
2025-01-14,Tuesday,January,2025,Q1,71133,60630,53779,17354,24.4,83854177,25729981
2025-01-15,Wednesday,January,2025,Q1,61979,53298,52889,9090,14.67,83916156,25739071
2025-01-16,Thursday,January,2025,Q1,54862,61153,49641,5221,9.52,83971018,25744292
2025-01-17,Friday,January,2025,Q1,66089,66091,46954,19135,28.95,84037107,25763427
2025-01-18,Saturday,January,2025,Q1,34483,28677,49558,-15075,-43.72,84071590,25748352
2025-01-19,Sunday,January,2025,Q1,32872,34724,50099,-17227,-52.41,84104462,25731125
2025-01-20,Monday,January,2025,Q1,67708,52404,45964,21744,32.11,84172170,25752869
2025-01-21,Tuesday,January,2025,Q1,55643,47585,49630,6013,10.81,84227813,25758882
2025-01-22,Wednesday,January,2025,Q1,69412,63146,48444,20968,30.21,84297225,25779850
2025-01-23,Thursday,January,2025,Q1,58158,48069,54946,3212,5.52,84355383,25783062
2025-01-24,Friday,January,2025,Q1,52633,51989,55197,-2564,-4.87,84408016,25780498
2025-01-25,Saturday,January,2025,Q1,41355,41607,49443,-8088,-19.56,84449371,25772410
2025-01-26,Sunday,January,2025,Q1,36425,34508,46412,-9987,-27.42,84485796,25762423
2025-01-27,Monday,January,2025,Q1,59788,51752,46433,13355,22.34,84545584,25775778
2025-01-28,Tuesday,January,2025,Q1,74487,63239,54726,19761,26.53,84620071,25795539
2025-01-29,Wednesday,January,2025,Q1,65795,56435,50236,15559,23.65,84685866,25811098
2025-01-30,Thursday,January,2025,Q1,59100,72233,55024,4076,6.9,84744966,25815174
2025-01-31,Friday,January,2025,Q1,61200,55534,52160,9040,14.77,84806166,25824214
2025-02-01,Saturday,February,2025,Q1,38454,39546,45598,-7144,-18.58,84844620,25817070
2025-02-02,Sunday,February,2025,Q1,44064,34693,52238,-8174,-18.55,84888684,25808896
2025-02-03,Monday,February,2025,Q1,75592,65556,52229,23363,30.91,84964276,25832259
2025-02-04,Tuesday,February,2025,Q1,76631,80455,51496,25135,32.8,85040907,25857394
2025-02-05,Wednesday,February,2025,Q1,62655,52294,51644,11011,17.57,85103562,25868405
2025-02-06,Thursday,February,2025,Q1,69446,72581,55409,14037,20.21,85173008,25882442
2025-02-07,Friday,February,2025,Q1,65712,75538,45510,20202,30.74,85238720,25902644
2025-02-08,Saturday,February,2025,Q1,44045,51231,50389,-6344,-14.4,85282765,25896300
2025-02-09,Sunday,February,2025,Q1,35260,29392,48921,-13661,-38.74,85318025,25882639
2025-02-10,Monday,February,2025,Q1,62994,78843,53052,9942,15.78,85381019,25892581
2025-02-11,Tuesday,February,2025,Q1,75259,89353,49023,26236,34.86,85456278,25918817
2025-02-12,Wednesday,February,2025,Q1,67063,71481,50525,16538,24.66,85523341,25935355
2025-02-13,Thursday,February,2025,Q1,53337,51228,54204,-867,-1.63,85576678,25934488
2025-02-14,Friday,February,2025,Q1,76222,64539,52413,23809,31.24,85652900,25958297
2025-02-15,Saturday,February,2025,Q1,32337,30946,53966,-21629,-66.89,85685237,25936668
2025-02-16,Sunday,February,2025,Q1,40998,38399,50753,-9755,-23.79,85726235,25926913
2025-02-17,Monday,February,2025,Q1,55814,49233,49361,6453,11.56,85782049,25933366
2025-02-18,Tuesday,February,2025,Q1,52850,50035,47503,5347,10.12,85834899,25938713
2025-02-19,Wednesday,February,2025,Q1,62837,66839,46826,16011,25.48,85897736,25954724
2025-02-20,Thursday,February,2025,Q1,76487,81162,53510,22977,30.04,85974223,25977701
2025-02-21,Friday,February,2025,Q1,56663,47732,53006,3657,6.45,86030886,25981358
2025-02-22,Saturday,February,2025,Q1,33424,27986,46183,-12759,-38.17,86064310,25968599
2025-02-23,Sunday,February,2025,Q1,37166,34209,47215,-10049,-27.04,86101476,25958550
2025-02-24,Monday,February,2025,Q1,62170,72196,47361,14809,23.82,86163646,25973359
2025-02-25,Tuesday,February,2025,Q1,64908,75643,49762,15146,23.33,86228554,25988505
2025-02-26,Wednesday,February,2025,Q1,72269,76944,47361,24908,34.47,86300823,26013413
2025-02-27,Thursday,February,2025,Q1,54902,60397,52762,2140,3.9,86355725,26015553
2025-02-28,Friday,February,2025,Q1,51563,62332,50394,1169,2.27,86407288,26016722
2025-03-01,Saturday,March,2025,Q1,51339,47500,55321,-3982,-7.76,86458627,26012740
2025-03-02,Sunday,March,2025,Q1,50578,53806,45727,4851,9.59,86509205,26017591
2025-03-03,Monday,March,2025,Q1,86286,96722,47538,38748,44.91,86595491,26056339
2025-03-04,Tuesday,March,2025,Q1,85748,100042,49027,36721,42.82,86681239,26093060
2025-03-05,Wednesday,March,2025,Q1,90209,76661,55430,34779,38.55,86771448,26127839
2025-03-06,Thursday,March,2025,Q1,90501,91979,48745,41756,46.14,86861949,26169595
2025-03-07,Friday,March,2025,Q1,75939,74925,49753,26186,34.48,86937888,26195781
2025-03-08,Saturday,March,2025,Q1,51461,55317,54814,-3353,-6.52,86989349,26192428
2025-03-09,Sunday,March,2025,Q1,40082,43622,45525,-5443,-13.58,87029431,26186985
2025-03-10,Monday,March,2025,Q1,87998,92769,51745,36253,41.2,87117429,26223238
2025-03-11,Tuesday,March,2025,Q1,85366,94569,53190,32176,37.69,87202795,26255414
2025-03-12,Wednesday,March,2025,Q1,91402,106263,53361,38041,41.62,87294197,26293455
2025-03-13,Thursday,March,2025,Q1,84635,93288,54831,29804,35.21,87378832,26323259
2025-03-14,Friday,March,2025,Q1,72563,75682,54458,18105,24.95,87451395,26341364
2025-03-15,Saturday,March,2025,Q1,38479,42682,45624,-7145,-18.57,87489874,26334219
2025-03-16,Sunday,March,2025,Q1,48364,52063,47077,1287,2.66,87538238,26335506
2025-03-17,Monday,March,2025,Q1,81783,79138,49324,32459,39.69,87620021,26367965
2025-03-18,Tuesday,March,2025,Q1,77731,90391,52699,25032,32.2,87697752,26392997
2025-03-19,Wednesday,March,2025,Q1,69070,62931,46633,22437,32.48,87766822,26415434
2025-03-20,Thursday,March,2025,Q1,76544,88094,53800,22744,29.71,87843366,26438178
2025-03-21,Friday,March,2025,Q1,66984,51623,53121,13863,20.7,87910350,26452041
2025-03-22,Saturday,March,2025,Q1,48838,58483,45614,3224,6.6,87959188,26455265
2025-03-23,Sunday,March,2025,Q1,50581,54435,51937,-1356,-2.68,88009769,26453909
2025-03-24,Monday,March,2025,Q1,90894,102166,49171,41723,45.9,88100663,26495632
2025-03-25,Tuesday,March,2025,Q1,66654,54430,55286,11368,17.06,88167317,26507000
2025-03-26,Wednesday,March,2025,Q1,93670,76684,48000,45670,48.76,88260987,26552670
2025-03-27,Thursday,March,2025,Q1,91027,102957,46374,44653,49.05,88352014,26597323
2025-03-28,Friday,March,2025,Q1,79568,81147,49592,29976,37.67,88431582,26627299
2025-03-29,Saturday,March,2025,Q1,47056,39858,54468,-7412,-15.75,88478638,26619887
2025-03-30,Sunday,March,2025,Q1,54812,45689,48855,5957,10.87,88533450,26625844
2025-03-31,Monday,March,2025,Q1,64160,63129,46585,17575,27.39,88597610,26643419
2025-04-01,Tuesday,April,2025,Q2,80575,86461,49038,31537,39.14,88678185,26674956
2025-04-02,Wednesday,April,2025,Q2,68434,58124,46635,21799,31.85,88746619,26696755
2025-04-03,Thursday,April,2025,Q2,66943,73616,50067,16876,25.21,88813562,26713631
2025-04-04,Friday,April,2025,Q2,94283,107456,47354,46929,49.77,88907845,26760560
2025-04-05,Saturday,April,2025,Q2,56867,49236,51282,5585,9.82,88964712,26766145
2025-04-06,Sunday,April,2025,Q2,52263,50598,51371,892,1.71,89016975,26767037
2025-04-07,Monday,April,2025,Q2,67441,62355,48917,18524,27.47,89084416,26785561
2025-04-08,Tuesday,April,2025,Q2,78380,94739,47910,30470,38.87,89162796,26816031
2025-04-09,Wednesday,April,2025,Q2,92072,108990,49374,42698,46.37,89254868,26858729
2025-04-10,Thursday,April,2025,Q2,77740,66242,47529,30211,38.86,89332608,26888940
2025-04-11,Friday,April,2025,Q2,74062,60655,52585,21477,29.0,89406670,26910417
2025-04-12,Saturday,April,2025,Q2,44573,38079,48218,-3645,-8.18,89451243,26906772
2025-04-13,Sunday,April,2025,Q2,49170,55807,53498,-4328,-8.8,89500413,26902444
2025-04-14,Monday,April,2025,Q2,84680,90260,53559,31121,36.75,89585093,26933565
2025-04-15,Tuesday,April,2025,Q2,79805,63863,46562,33243,41.66,89664898,26966808
2025-04-16,Wednesday,April,2025,Q2,82917,70623,45539,37378,45.08,89747815,27004186
2025-04-17,Thursday,April,2025,Q2,64148,60836,55105,9043,14.1,89811963,27013229
2025-04-18,Friday,April,2025,Q2,80880,71961,50096,30784,38.06,89892843,27044013
2025-04-19,Saturday,April,2025,Q2,44179,40317,46164,-1985,-4.49,89937022,27042028
2025-04-20,Sunday,April,2025,Q2,39303,37883,50332,-11029,-28.06,89976325,27030999
2025-04-21,Monday,April,2025,Q2,90978,102659,47618,43360,47.66,90067303,27074359
2025-04-22,Tuesday,April,2025,Q2,95793,112099,47641,48152,50.27,90163096,27122511
2025-04-23,Wednesday,April,2025,Q2,89993,101754,45409,44584,49.54,90253089,27167095
2025-04-24,Thursday,April,2025,Q2,92266,71994,48427,43839,47.51,90345355,27210934
2025-04-25,Friday,April,2025,Q2,89332,86717,54682,34650,38.79,90434687,27245584
2025-04-26,Saturday,April,2025,Q2,44531,38582,53929,-9398,-21.1,90479218,27236186
2025-04-27,Sunday,April,2025,Q2,51230,50335,50177,1053,2.06,90530448,27237239
2025-04-28,Monday,April,2025,Q2,88724,84513,53083,35641,40.17,90619172,27272880
2025-04-29,Tuesday,April,2025,Q2,90737,82584,53987,36750,40.5,90709909,27309630
2025-04-30,Wednesday,April,2025,Q2,79827,71850,50078,29749,37.27,90789736,27339379
2025-05-01,Thursday,May,2025,Q2,74894,86505,50540,24354,32.52,90864630,27363733
2025-05-02,Friday,May,2025,Q2,86672,95257,46425,40247,46.44,90951302,27403980
2025-05-03,Saturday,May,2025,Q2,45803,45472,47406,-1603,-3.5,90997105,27402377
2025-05-04,Sunday,May,2025,Q2,46523,52246,51178,-4655,-10.01,91043628,27397722
2025-05-05,Monday,May,2025,Q2,67429,54164,50005,17424,25.84,91111057,27415146
2025-05-06,Tuesday,May,2025,Q2,80988,73284,50907,30081,37.14,91192045,27445227
2025-05-07,Wednesday,May,2025,Q2,76701,73339,49808,26893,35.06,91268746,27472120
2025-05-08,Thursday,May,2025,Q2,76240,86559,47269,28971,38.0,91344986,27501091
2025-05-09,Friday,May,2025,Q2,83438,80774,45862,37576,45.03,91428424,27538667
2025-05-10,Saturday,May,2025,Q2,40611,47382,47766,-7155,-17.62,91469035,27531512
2025-05-11,Sunday,May,2025,Q2,55345,59191,49320,6025,10.89,91524380,27537537
2025-05-12,Monday,May,2025,Q2,86133,83138,47412,38721,44.95,91610513,27576258
2025-05-13,Tuesday,May,2025,Q2,73215,56815,54510,18705,25.55,91683728,27594963
2025-05-14,Wednesday,May,2025,Q2,91282,94907,52228,39054,42.78,91775010,27634017
2025-05-15,Thursday,May,2025,Q2,78566,94638,49673,28893,36.78,91853576,27662910
2025-05-16,Friday,May,2025,Q2,92200,82139,45458,46742,50.7,91945776,27709652
2025-05-17,Saturday,May,2025,Q2,38419,44033,74863,-36444,-94.86,91984195,27673208
2025-05-18,Sunday,May,2025,Q2,48485,40547,46306,2179,4.49,92032680,27675387
2025-05-19,Monday,May,2025,Q2,78483,90059,47953,30530,38.9,92111163,27705917
2025-05-20,Tuesday,May,2025,Q2,64433,61908,54345,10088,15.66,92175596,27716005
2025-05-21,Wednesday,May,2025,Q2,92869,92691,52272,40597,43.71,92268465,27756602
2025-05-22,Thursday,May,2025,Q2,95316,110634,46787,48529,50.91,92363781,27805131
2025-05-23,Friday,May,2025,Q2,87712,102850,52863,34849,39.73,92451493,27839980
2025-05-24,Saturday,May,2025,Q2,50663,62361,52202,-1539,-3.04,92502156,27838441
2025-05-25,Sunday,May,2025,Q2,56799,56062,52204,4595,8.09,92558955,27843036
2025-05-26,Monday,May,2025,Q2,77353,90869,45774,31579,40.82,92636308,27874615
2025-05-27,Tuesday,May,2025,Q2,83595,81004,55118,28477,34.07,92719903,27903092
2025-05-28,Wednesday,May,2025,Q2,95023,96744,50060,44963,47.32,92814926,27948055
2025-05-29,Thursday,May,2025,Q2,83961,87722,48265,35696,42.51,92898887,27983751
2025-05-30,Friday,May,2025,Q2,65310,60196,45896,19414,29.73,92964197,28003165
2025-05-31,Saturday,May,2025,Q2,51076,39857,48890,2186,4.28,93015273,28005351
2025-06-01,Sunday,June,2025,Q2,56291,60194,46226,10065,17.88,93071564,28015416
2025-06-02,Monday,June,2025,Q2,77324,76607,47566,29758,38.48,93148888,28045174
2025-06-03,Tuesday,June,2025,Q2,98972,103589,55106,43866,44.32,93247860,28089040
2025-06-04,Wednesday,June,2025,Q2,81031,75375,52203,28828,35.58,93328891,28117868
2025-06-05,Thursday,June,2025,Q2,94452,80071,50947,43505,46.06,93423343,28161373
2025-06-06,Friday,June,2025,Q2,90346,95418,49149,41197,45.6,93513689,28202570
2025-06-07,Saturday,June,2025,Q2,45167,43293,54783,-9616,-21.29,93558856,28192954
2025-06-08,Sunday,June,2025,Q2,51272,49196,45638,5634,10.99,93610128,28198588
2025-06-09,Monday,June,2025,Q2,85216,95019,48408,36808,43.19,93695344,28235396
2025-06-10,Tuesday,June,2025,Q2,74880,76675,48316,26564,35.48,93770224,28261960
2025-06-11,Wednesday,June,2025,Q2,84583,69954,54179,30404,35.95,93854807,28292364
2025-06-12,Thursday,June,2025,Q2,72325,83095,48721,23604,32.64,93927132,28315968
2025-06-13,Friday,June,2025,Q2,87347,77876,52823,34524,39.53,94014479,28350492
2025-06-14,Saturday,June,2025,Q2,43359,36882,52823,-9464,-21.83,94057838,28341028
2025-06-15,Sunday,June,2025,Q2,89735,100340,48493,41242,45.96,94147573,28382270
2025-06-16,Monday,June,2025,Q2,94609,76027,51446,43163,45.62,94242182,28425433
2025-06-17,Tuesday,June,2025,Q2,77591,79330,49833,27758,35.77,94319773,28453191
2025-06-18,Wednesday,June,2025,Q2,84640,104216,53844,30796,36.38,94404413,28483987
2025-06-19,Thursday,June,2025,Q2,94382,109211,49718,44664,47.32,94498795,28528651
2025-06-20,Friday,June,2025,Q2,99212,101988,52835,46377,46.75,94598007,28575028
2025-06-21,Saturday,June,2025,Q2,48365,53975,50329,-1964,-4.06,94646372,28573064
2025-06-22,Sunday,June,2025,Q2,56974,47626,49642,7332,12.87,94703346,28580396
2025-06-23,Monday,June,2025,Q2,90260,71173,51862,38398,42.54,94793606,28618794
2025-06-24,Tuesday,June,2025,Q2,71900,87476,50076,21824,30.35,94865506,28640618
2025-06-25,Wednesday,June,2025,Q2,104957,102507,50432,54525,51.95,94970463,28695143
2025-06-26,Thursday,June,2025,Q2,84149,70514,48906,35243,41.88,95054612,28730386
2025-06-27,Friday,June,2025,Q2,95574,104172,53047,42527,44.5,95150186,28772913
2025-06-28,Saturday,June,2025,Q2,61589,64359,50115,11474,18.63,95211775,28784387
2025-06-29,Sunday,June,2025,Q2,61826,68811,46664,15162,24.52,95273601,28799549
2025-06-30,Monday,June,2025,Q2,82652,85703,45812,36840,44.57,95356253,28836389
2025-07-01,Tuesday,July,2025,Q3,73798,64873,50162,23636,32.03,95430051,28860025
2025-07-02,Wednesday,July,2025,Q3,98861,105214,54429,44432,44.94,95528912,28904457
2025-07-03,Thursday,July,2025,Q3,97004,89811,51527,45477,46.88,95625916,28949934
2025-07-04,Friday,July,2025,Q3,72965,81510,53834,19131,26.22,95698881,28969065
2025-07-05,Saturday,July,2025,Q3,56997,56857,51143,5854,10.27,95755878,28974919
2025-07-06,Sunday,July,2025,Q3,51480,45668,46993,4487,8.72,95807358,28979406
2025-07-07,Monday,July,2025,Q3,77168,80731,52100,25068,32.48,95884526,29004474
2025-07-08,Tuesday,July,2025,Q3,101843,95237,50869,50974,50.05,95986369,29055448
2025-07-09,Wednesday,July,2025,Q3,96095,113484,50361,45734,47.59,96082464,29101182
2025-07-10,Thursday,July,2025,Q3,87075,82894,50991,36084,41.44,96169539,29137266
2025-07-11,Friday,July,2025,Q3,85448,77728,46147,39301,45.99,96254987,29176567
2025-07-12,Saturday,July,2025,Q3,44730,40314,48695,-3965,-8.86,96299717,29172602
2025-07-13,Sunday,July,2025,Q3,61718,56710,46044,15674,25.4,96361435,29188276
2025-07-14,Monday,July,2025,Q3,73032,77890,54752,18280,25.03,96434467,29206556
2025-07-15,Tuesday,July,2025,Q3,72394,75074,50107,22287,30.79,96506861,29228843
2025-07-16,Wednesday,July,2025,Q3,71455,65228,48732,22723,31.8,96578316,29251566
2025-07-17,Thursday,July,2025,Q3,89657,102203,52046,37611,41.95,96667973,29289177
2025-07-18,Friday,July,2025,Q3,72966,89520,52447,20519,28.12,96740939,29309696
2025-07-19,Saturday,July,2025,Q3,62959,75018,51533,11426,18.15,96803898,29321122
2025-07-20,Sunday,July,2025,Q3,62232,53929,45718,16514,26.54,96866130,29337636
2025-07-21,Monday,July,2025,Q3,85589,81617,55152,30437,35.56,96951719,29368073
2025-07-22,Tuesday,July,2025,Q3,97631,110165,54031,43600,44.66,97049350,29411673
2025-07-23,Wednesday,July,2025,Q3,89847,75710,52370,37477,41.71,97139197,29449150
2025-07-24,Thursday,July,2025,Q3,75249,76295,55263,19986,26.56,97214446,29469136
2025-07-25,Friday,July,2025,Q3,85765,68707,51293,34472,40.19,97300211,29503608
2025-07-26,Saturday,July,2025,Q3,61001,68618,81726,-20725,-33.97,97361212,29482883
2025-07-27,Sunday,July,2025,Q3,43858,36117,45800,-1942,-4.43,97405070,29480941
2025-07-28,Monday,July,2025,Q3,78997,73206,50185,28812,36.47,97484067,29509753
2025-07-29,Tuesday,July,2025,Q3,79206,80547,52771,26435,33.37,97563273,29536188
2025-07-30,Wednesday,July,2025,Q3,78154,88560,53224,24930,31.9,97641427,29561118
2025-07-31,Thursday,July,2025,Q3,88944,82268,50434,38510,43.3,97730371,29599628
2025-08-01,Friday,August,2025,Q3,95233,97676,47411,47822,50.22,97825604,29647450
2025-08-02,Saturday,August,2025,Q3,47108,50171,49113,-2005,-4.26,97872712,29645445
2025-08-03,Sunday,August,2025,Q3,62893,68900,49933,12960,20.61,97935605,29658405
2025-08-04,Monday,August,2025,Q3,71588,64474,53697,17891,24.99,98007193,29676296
2025-08-05,Tuesday,August,2025,Q3,91863,95018,49237,42626,46.4,98099056,29718922
2025-08-06,Wednesday,August,2025,Q3,76891,71423,48435,28456,37.01,98175947,29747378
2025-08-07,Thursday,August,2025,Q3,71314,77341,54660,16654,23.35,98247261,29764032
2025-08-08,Friday,August,2025,Q3,91201,98985,53718,37483,41.1,98338462,29801515
2025-08-09,Saturday,August,2025,Q3,57641,60275,46460,11181,19.4,98396103,29812696
2025-08-10,Sunday,August,2025,Q3,56558,67501,50032,6526,11.54,98452661,29819222
